7 5 1 1 1
7 5 2 1 0.999976
7 5 3 1 0.999446
7 5 4 0.999999 0.99805
7 5 5 0.996017 0.848035
7 5 6 0.979646 0.660621
7 5 7 0.995881 0.79849
7 5 8 0.990897 0.74636
7 5 9 0.989298 0.691398
7 5 10 0.942756 0.33908
7 5 11 0.908748 0.283877
7 5 12 0.975035 0.571545
7 5 13 0.939943 0.314673
7 5 14 0.918271 0.186557
7 5 15 0.942194 0.43936
7 5 16 0.943816 0.44319
7 5 17 0.936166 0.225194
7 5 18 0.939867 0.325914
7 5 19 0.928226 0.259
7 20 1 1 1
7 20 2 1 0.999868
7 20 3 1 0.99976
7 20 4 1 0.999882
7 20 5 0.999056 0.930292
7 20 6 0.995961 0.844497
7 20 7 0.997675 0.873228
7 20 8 0.994059 0.782177
7 20 9 0.995211 0.807053
7 20 10 0.989101 0.735852
7 20 11 0.987159 0.660149
7 20 12 0.992353 0.747135
7 20 13 0.986964 0.641613
7 20 14 0.986026 0.619375
7 20 15 0.987898 0.68015
7 20 16 0.98067 0.60078
7 20 17 0.979342 0.598996
7 20 18 0.985199 0.579545
7 20 19 0.974969 0.513505
7 50 1 1 1
7 50 2 1 0.999954
7 50 3 1 0.999909
7 50 4 1 0.99982
7 50 5 0.999218 0.927294
7 50 6 0.999094 0.907583
7 50 7 0.998085 0.875124
7 50 8 0.999007 0.891571
7 50 9 0.99852 0.893731
7 50 10 0.996789 0.833756
7 50 11 0.996499 0.78451
7 50 12 0.994323 0.750025
7 50 13 0.995766 0.782966
7 50 14 0.998152 0.850437
7 50 15 0.996535 0.81164
7 50 16 0.993507 0.779451
7 50 17 0.991006 0.69024
7 50 18 0.992135 0.658274
7 50 19 0.991029 0.683272
31 5 1 1 1
31 5 2 1 0.999375
31 5 3 1 0.999446
31 5 4 1 0.998574
31 5 5 0.998404 0.894708
31 5 6 0.995323 0.834413
31 5 7 0.981124 0.634929
31 5 8 0.985265 0.633835
31 5 9 0.973061 0.571755
31 5 10 0.982705 0.608208
31 5 11 0.950661 0.386063
31 5 12 0.967565 0.528489
31 5 13 0.981343 0.611029
31 5 14 0.942391 0.392493
31 5 15 0.952419 0.432482
31 5 16 0.913455 0.289591
31 5 17 0.941615 0.436794
31 5 18 0.823296 0.15847
31 5 19 0.917335 0.32022
31 20 1 1 1
31 20 2 1 0.999885
31 20 3 1 0.99976
31 20 4 1 0.999763
31 20 5 0.999437 0.938077
31 20 6 0.997488 0.859614
31 20 7 0.996651 0.842987
31 20 8 0.996469 0.817245
31 20 9 0.99168 0.726003
31 20 10 0.98909 0.743669
31 20 11 0.992136 0.796622
31 20 12 0.995599 0.798933
31 20 13 0.988828 0.694402
31 20 14 0.985978 0.638662
31 20 15 0.993138 0.732086
31 20 16 0.98481 0.622636
31 20 17 0.983508 0.615405
31 20 18 0.977737 0.598005
31 20 19 0.980143 0.556757
31 50 1 1 1
31 50 2 1 0.999954
31 50 3 1 0.999909
31 50 4 1 0.999864
31 50 5 0.999881 0.969776
31 50 6 0.999145 0.903979
31 50 7 0.998104 0.886231
31 50 8 0.998735 0.897042
31 50 9 0.994709 0.75618
31 50 10 0.995389 0.829706
31 50 11 0.998012 0.855166
31 50 12 0.997052 0.802892
31 50 13 0.997901 0.864397
31 50 14 0.995568 0.786927
31 50 15 0.995085 0.786516
31 50 16 0.994021 0.729685
31 50 17 0.994445 0.730442
31 50 18 0.990096 0.714878
31 50 19 0.987799 0.666889
511 5 1 1 1
511 5 2 1 0.999984
511 5 3 1 0.99944
511 5 4 0.999961 0.984801
511 5 5 0.999612 0.955752
511 5 6 0.945431 0.399034
511 5 7 0.738747 0.0888263
511 5 8 0.812662 0.289527
511 5 9 0.554506 0.875855
511 5 10 0.596121 0.777915
511 5 11 0.453212 0.869626
511 5 12 0.478944 0.491904
511 5 13 0.383861 0.889748
511 5 14 0.42062 0.672837
511 5 15 0.367541 0.307029
511 5 16 0.361067 0.167833
511 5 17 0.374111 0.273807
511 5 18 0.324162 0.563874
511 5 19 0.308465 0.605339
511 20 1 1 1
511 20 2 1 0.999886
511 20 3 1 0.999884
511 20 4 0.999998 0.996926
511 20 5 0.999756 0.96202
511 20 6 0.99807 0.877244
511 20 7 0.847984 0.697467
511 20 8 0.866516 0.74969
511 20 9 0.554313 0.883629
511 20 10 0.599221 0.898383
511 20 11 0.453523 0.875927
511 20 12 0.497661 0.799797
511 20 13 0.384149 0.900667
511 20 14 0.422948 0.757676
511 20 15 0.397716 0.832594
511 20 16 0.428482 0.635494
511 20 17 0.408297 0.781652
511 20 18 0.331292 0.812088
511 20 19 0.315124 0.888213
511 50 1 1 1
511 50 2 1 0.999955
511 50 3 1 0.999909
511 50 4 1 0.998898
511 50 5 0.999334 0.941266
511 50 6 0.997958 0.873258
511 50 7 0.855034 0.855745
511 50 8 0.873753 0.90775
511 50 9 0.554025 0.881526
511 50 10 0.598939 0.887454
511 50 11 0.453721 0.892387
511 50 12 0.498954 0.862541
511 50 13 0.384455 0.943247
511 50 14 0.425852 0.817724
511 50 15 0.399169 0.868223
511 50 16 0.434004 0.742023
511 50 17 0.411152 0.893878
511 50 18 0.332123 0.827296
511 50 19 0.315536 0.921101
4095 5 1 1 1
4095 5 2 0.999983 0.991745
4095 5 3 0.999454 0.945022
4095 5 4 0.998419 0.898604
4095 5 5 0.857796 0.151141
4095 5 6 0.779808 0.408705
4095 5 7 0.703239 0.684096
4095 5 8 0.606291 0.583935
4095 5 9 0.543647 0.632952
4095 5 10 0.49001 0.649777
4095 5 11 0.445901 0.647942
4095 5 12 0.33314 0.935965
4095 5 13 0.35673 0.376201
4095 5 14 0.347985 0.613309
4095 5 15 0.324991 0.614447
4095 5 16 0.265945 0.132852
4095 5 17 0.248988 0.120854
4095 5 18 0.22202 0.925683
4095 5 19 0.227032 0.163765
4095 20 1 1 1
4095 20 2 0.999999 0.998027
4095 20 3 0.999976 0.988201
4095 20 4 0.999938 0.979298
4095 20 5 0.992998 0.782854
4095 20 6 0.830467 0.868325
4095 20 7 0.712607 0.885562
4095 20 8 0.624389 0.925554
4095 20 9 0.554522 0.888096
4095 20 10 0.499308 0.901458
4095 20 11 0.453851 0.893911
4095 20 12 0.333325 0.986794
4095 20 13 0.382579 0.79742
4095 20 14 0.356757 0.914694
4095 20 15 0.332999 0.911232
4095 20 16 0.309845 0.757805
4095 20 17 0.292144 0.786432
4095 20 18 0.222214 0.984387
4095 20 19 0.261777 0.79654
4095 50 1 1 1
4095 50 2 1 0.999329
4095 50 3 0.999997 0.995514
4095 50 4 0.99999 0.991847
4095 50 5 0.999113 0.921761
4095 50 6 0.831953 0.89203
4095 50 7 0.7134 0.897641
4095 50 8 0.624259 0.913937
4095 50 9 0.555131 0.933115
4095 50 10 0.499666 0.928678
4095 50 11 0.454285 0.937896
4095 50 12 0.333332 0.994843
4095 50 13 0.383707 0.867552
4095 50 14 0.356834 0.923677
4095 50 15 0.333163 0.940989
4095 50 16 0.3113 0.840333
4095 50 17 0.293745 0.907681
4095 50 18 0.222221 0.994085
4095 50 19 0.262895 0.912561
