0.00 14 14
0.00 264 262
0.00 511 509
0.00 764 761
5.00 1011 1006
5.00 1262 1257
5.00 1511 1505
5.00 1762 1755
5.00 2013 2006
5.00 2263 2256
5.00 2514 2507
5.00 2769 2762
5.00 3017 3011
5.00 3268 3261
10.00 3517 3510
10.00 3770 3762
10.00 4016 4005
10.00 4268 4256
10.00 4518 4507
10.00 4765 4751
10.00 5014 5000
10.00 5262 5245
10.00 5514 5496
10.00 5764 5745
15.00 6014 5995
15.00 6263 6243
15.00 6513 6489
15.00 6764 6738
15.00 7013 6984
15.00 7259 7224
15.00 7504 7465
15.00 7753 7712
15.00 8001 7958
15.00 8250 8208
20.00 8497 8454
20.00 8745 8698
20.00 8993 8945
20.00 9241 9187
20.00 9489 9434
20.00 9738 9682
20.00 9987 9926
20.00 10234 10170
20.00 10482 10416
20.00 10730 10662
25.00 10975 10905
25.00 11219 11141
25.00 11468 11387
25.00 11714 11626
25.00 11957 11860
25.00 12204 12103
25.00 248 245
25.00 495 487
25.00 741 726
25.00 985 964
30.00 1234 1209
30.00 1472 1434
30.00 1713 1664
30.00 1950 1880
30.00 2188 2100
30.00 2423 2317
30.00 236 222
30.00 476 450
30.00 710 663
30.00 950 889
35.00 1189 1112
35.00 1424 1327
35.00 1657 1534
35.00 1887 1734
35.00 2120 1946
35.00 2350 2150
35.00 232 211
35.00 469 430
35.00 712 657
35.00 947 871
40.00 1182 1083
40.00 1402 1262
40.00 1616 1425
40.00 1828 1587
40.00 2044 1753
40.00 2260 1924
40.00 208 154
40.00 417 310
40.00 640 498
40.00 852 660
45.00 1066 827
45.00 1256 937
45.00 1451 1056
45.00 1641 1163
45.00 1835 1286
45.00 2030 1401
45.00 194 118
45.00 390 241
45.00 584 362
45.00 775 474
50.00 973 602
50.00 1142 662
50.00 1309 722
50.00 1480 786
50.00 1656 865
50.00 1831 937
50.00 175 71
50.00 353 149
50.00 523 214
50.00 692 274
55.00 868 348
55.00 1024 382
55.00 1178 408
55.00 1335 439
55.00 1495 479
55.00 1652 511
55.00 158 34
55.00 315 62
55.00 473 95
55.00 624 116
60.00 782 149
60.00 935 169
60.00 1082 181
60.00 1231 193
60.00 1379 202
60.00 1527 212
60.00 149 14
60.00 297 25
60.00 445 37
60.00 597 54
65.00 746 66
65.00 891 71
65.00 1037 73
65.00 1182 78
65.00 1327 81
65.00 1475 89
65.00 145 4
65.00 290 8
65.00 437 12
65.00 582 14
70.00 726 17
70.00 870 18
70.00 1014 20
70.00 1159 22
70.00 1302 24
70.00 1447 27
70.00 144 2
70.00 288 3
70.00 432 4
70.00 577 5
75.00 721 7
75.00 864 8
75.00 1009 9
75.00 1153 10
75.00 1296 11
75.00 1441 12
75.00 144 1
75.00 287 2
75.00 432 4
75.00 576 5
80.00 721 6
80.00 864 7
80.00 1007 8
80.00 1151 9
80.00 1295 10
80.00 1439 11
80.00 144 1
80.00 289 2
80.00 433 3
80.00 578 4
85.00 722 5
85.00 867 6
85.00 1009 7
85.00 1154 8
85.00 1298 9
85.00 1442 10
85.00 144 1
85.00 288 2
85.00 432 3
85.00 575 4
90.00 720 5
90.00 865 6
90.00 1009 7
90.00 1152 8
90.00 1297 9
90.00 1441 10
90.00 144 1
90.00 287 2
90.00 430 3
90.00 574 4
95.00 719 5
95.00 865 6
95.00 1009 7
95.00 1153 8
95.00 1297 9
95.00 1440 10
95.00 144 1
95.00 290 2
95.00 433 3
95.00 578 4
100.00 721 5
100.00 865 6
100.00 1010 7
100.00 1154 8
100.00 1298 9
100.00 1442 10
100.00 144 1
100.00 287 2
100.00 431 3
100.00 574 4
105.00 718 5
105.00 862 6
105.00 1007 7
105.00 1151 8
105.00 1296 9
105.00 1439 10
105.00 144 1
105.00 290 2
105.00 434 3
105.00 578 4
110.00 722 5
110.00 866 6
110.00 1009 7
110.00 1152 8
110.00 1297 9
110.00 1440 10
110.00 144 1
110.00 288 2
110.00 432 3
110.00 575 4
115.00 718 5
115.00 862 6
115.00 1006 7
115.00 1150 8
115.00 1294 9
115.00 1438 10
115.00 144 1
115.00 288 2
115.00 432 3
115.00 577 4
120.00 721 5
120.00 865 6
120.00 1009 7
120.00 1154 8
120.00 1297 9
120.00 1440 10
120.00 145 1
120.00 289 2
120.00 433 3
120.00 576 4
125.00 720 5
125.00 865 6
125.00 1009 7
125.00 1154 8
125.00 1297 9
125.00 1440 10
125.00 144 1
125.00 289 2
125.00 433 3
125.00 576 4
130.00 720 5
130.00 864 6
130.00 1008 7
130.00 1153 8
130.00 1297 9
130.00 1441 10
130.00 144 1
130.00 287 2
130.00 431 3
130.00 574 4
135.00 718 5
135.00 863 6
135.00 1007 7
135.00 1150 8
135.00 1294 9
135.00 1437 10
135.00 144 1
135.00 288 2
135.00 432 3
135.00 576 4
140.00 720 5
140.00 864 6
140.00 1009 7
140.00 1153 8
140.00 1299 8
140.00 1445 8
140.00 144 1
140.00 288 2
140.00 432 3
140.00 576 4
145.00 718 5
145.00 862 6
145.00 1006 7
145.00 1149 8
145.00 1295 9
