5 1 1 1
5 2 1 0.999278
5 3 1 0.998366
5 4 0.999995 0.994002
5 5 0.999229 0.924326
5 6 0.988908 0.750539
5 7 0.994508 0.768135
5 8 0.934878 0.322118
5 9 0.971842 0.628162
5 10 0.990313 0.735162
5 11 0.987215 0.66241
5 12 0.953035 0.457036
5 13 0.980215 0.620989
5 14 0.969954 0.495022
5 15 0.954467 0.364591
5 16 0.950348 0.310941
5 17 0.760736 0.0791276
5 18 0.888737 0.305808
5 19 0.923588 0.122656
20 1 1 1
20 2 1 0.999839
20 3 1 0.99969
20 4 1 0.998464
20 5 0.998424 0.887842
20 6 0.998645 0.917315
20 7 0.996818 0.841769
20 8 0.998507 0.88478
20 9 0.993653 0.795152
20 10 0.975781 0.610225
20 11 0.990446 0.707813
20 12 0.978608 0.504546
20 13 0.992451 0.74978
20 14 0.959053 0.439262
20 15 0.973832 0.451416
20 16 0.972645 0.536255
20 17 0.967567 0.526363
20 18 0.969306 0.499505
20 19 0.985402 0.65344
50 1 1 1
50 2 1 0.99994
50 3 1 0.999881
50 4 1 0.999465
50 5 0.99794 0.894789
50 6 0.999935 0.979848
50 7 0.998108 0.87353
50 8 0.998061 0.875793
50 9 0.984181 0.670455
50 10 0.995242 0.783088
50 11 0.995951 0.836741
50 12 0.986403 0.613965
50 13 0.995447 0.772795
50 14 0.990539 0.72315
50 15 0.97884 0.533963
50 16 0.993926 0.756924
50 17 0.962681 0.561523
50 18 0.977503 0.533102
50 19 0.974223 0.513374
