5 1 1 1
5 2 1 0.999375
5 3 1 0.999446
5 4 1 0.998574
5 5 0.99864 0.913468
5 6 0.996556 0.822477
5 7 0.995486 0.807295
5 8 0.974992 0.549745
5 9 0.979309 0.600417
5 10 0.9428 0.37975
5 11 0.914579 0.298331
5 12 0.930554 0.310592
5 13 0.937372 0.367622
5 14 0.925659 0.339657
5 15 0.959083 0.456627
5 16 0.905386 0.282041
5 17 0.916125 0.387641
5 18 0.935529 0.3565
5 19 0.894971 0.196828
20 1 1 1
20 2 1 0.999885
20 3 1 0.99976
20 4 1 0.999763
20 5 0.99929 0.923234
20 6 0.998794 0.895505
20 7 0.997801 0.886811
20 8 0.990364 0.733381
20 9 0.996576 0.840584
20 10 0.997456 0.827448
20 11 0.989262 0.711244
20 12 0.99095 0.717138
20 13 0.990503 0.747301
20 14 0.987986 0.679891
20 15 0.992104 0.742629
20 16 0.984006 0.66317
20 17 0.984113 0.628307
20 18 0.986846 0.5682
20 19 0.984316 0.588307
50 1 1 1
50 2 1 0.999954
50 3 1 0.999909
50 4 1 0.999864
50 5 0.999878 0.966957
50 6 0.999421 0.931721
50 7 0.998332 0.874512
50 8 0.998915 0.894091
50 9 0.999395 0.914095
50 10 0.998724 0.8773
50 11 0.997193 0.842723
50 12 0.992547 0.70481
50 13 0.996674 0.83636
50 14 0.993525 0.776294
50 15 0.996613 0.792736
50 16 0.988793 0.66713
50 17 0.994049 0.76461
50 18 0.995502 0.730902
50 19 0.991137 0.754436
