0.00 0.00 0 0
0.00 15.65 202 138
0.00 17.17 373 285
0.00 16.70 514 428
5.00 16.70 660 571
5.00 17.05 805 717
5.00 17.17 950 864
5.00 16.94 1098 1009
5.00 16.82 1240 1153
5.00 16.35 1380 1293
5.00 17.75 1532 1445
5.00 15.88 1669 1581
5.00 17.17 1814 1728
5.00 17.29 1964 1876
10.00 16.59 2106 2018
10.00 17.05 2252 2164
10.00 17.05 2398 2310
10.00 17.29 2544 2458
10.00 17.29 2694 2606
10.00 16.70 2837 2749
10.00 16.94 2980 2894
10.00 16.59 3124 3036
10.00 17.05 3270 3182
10.00 16.24 3409 3321
15.00 17.05 3550 3467
15.00 16.70 3696 3610
15.00 16.24 3838 3749
15.00 17.17 3982 3896
15.00 17.05 4130 4042
15.00 15.65 4264 4176
15.00 16.47 4404 4317
15.00 15.88 4542 4453
15.00 16.59 4678 4595
15.00 17.17 4826 4742
20.00 16.70 4972 4885
20.00 16.59 5116 5027
20.00 16.59 5256 5169
20.00 16.94 5386 5314
20.00 16.47 5542 5455
20.00 16.24 5680 5594
20.00 16.24 5814 5733
20.00 16.35 5958 5873
20.00 16.12 6100 6011
20.00 16.59 6242 6153
25.00 16.70 6383 6296
25.00 15.77 6519 6431
25.00 16.47 6660 6572
25.00 16.59 6802 6714
25.00 16.00 6938 6851
25.00 16.00 7076 6988
25.00 15.88 136 136
25.00 15.77 268 271
25.00 16.47 412 412
25.00 16.47 548 553
30.00 16.70 695 696
30.00 16.00 832 833
30.00 15.88 967 969
30.00 15.53 1100 1102
30.00 16.47 1242 1243
30.00 15.30 1372 1374
30.00 15.30 132 131
30.00 15.42 264 263
30.00 15.18 392 393
30.00 15.18 524 523
35.00 15.53 656 656
35.00 14.37 781 779
35.00 14.60 904 904
35.00 14.60 1030 1029
35.00 15.18 1160 1159
35.00 15.07 1288 1288
35.00 15.18 132 130
35.00 14.25 254 252
35.00 14.95 382 380
35.00 14.25 504 502
40.00 13.20 617 615
40.00 10.63 704 706
40.00 11.21 802 802
40.00 11.68 904 902
40.00 11.45 1002 1000
40.00 10.40 1090 1089
40.00 11.21 96 96
40.00 11.33 192 193
40.00 11.45 288 291
40.00 11.33 388 388
45.00 11.10 484 483
45.00 8.18 552 553
45.00 7.36 618 616
45.00 8.18 666 686
45.00 8.29 758 757
45.00 8.64 798 831
45.00 8.29 78 71
45.00 0.35 110 115
45.00 10.40 192 176
45.00 4.20 228 239
50.00 7.48 291 303
50.00 4.91 330 345
50.00 1.40 351 365
50.00 0.00 368 400
50.00 9.46 403 439
50.00 2.69 436 481
50.00 4.67 29 26
50.00 3.97 55 56
50.00 4.32 99 93
50.00 4.79 141 134
55.00 5.49 181 181
55.00 0.58 200 190
55.00 1.52 208 202
55.00 0.93 217 209
55.00 0.00 217 209
55.00 0.00 217 209
55.00 0.00 0 0
55.00 0.00 0 0
55.00 0.00 0 0
55.00 0.00 0 0
60.00 0.00 0 0
60.00 0.00 0 0
60.00 0.00 0 0
60.00 0.00 1 0
60.00 0.00 1 0
60.00 0.00 1 0
60.00 0.00 0 0
60.00 0.00 0 0
60.00 0.00 0 0
60.00 0.00 0 0
65.00 0.00 0 0
65.00 0.00 0 0
65.00 0.00 0 0
65.00 0.00 0 0
65.00 0.00 0 0
65.00 0.00 0 0
65.00 0.00 0 0
65.00 0.00 0 0
65.00 0.00 0 0
65.00 0.00 0 0
70.00 0.00 0 0
70.00 0.00 0 0
70.00 0.00 0 0
70.00 0.00 1 0
70.00 0.00 1 0
70.00 0.00 1 0
70.00 0.00 0 0
70.00 0.00 0 0
70.00 0.00 0 0
70.00 0.00 0 0
75.00 0.00 0 0
75.00 0.00 0 0
75.00 0.00 0 0
75.00 0.00 0 0
75.00 0.00 0 0
75.00 0.00 0 0
75.00 0.00 0 0
75.00 0.00 0 0
75.00 0.00 0 0
75.00 0.00 0 0
80.00 0.00 0 0
80.00 0.00 0 0
80.00 0.00 0 0
80.00 0.00 0 0
80.00 0.00 0 0
80.00 0.00 0 0
80.00 0.00 0 0
80.00 0.00 0 0
80.00 0.00 0 0
80.00 0.00 0 0
85.00 0.00 0 0
85.00 0.00 0 0
85.00 0.00 0 0
85.00 0.00 0 0
85.00 0.00 0 0
85.00 0.00 0 0
85.00 0.00 0 0
85.00 0.00 0 0
85.00 0.00 0 0
85.00 0.00 0 0
90.00 0.00 0 0
90.00 0.00 0 0
90.00 0.00 0 0
90.00 0.00 1 0
90.00 0.00 1 0
90.00 0.00 1 0
90.00 0.00 0 0
90.00 0.00 0 0
90.00 0.00 0 0
90.00 0.00 0 0
95.00 0.00 0 0
95.00 0.00 0 0
95.00 0.00 0 0
95.00 0.00 0 0
95.00 0.00 0 0
95.00 0.00 0 0
95.00 0.00 0 0
95.00 0.00 0 0
95.00 0.00 0 0
95.00 0.00 0 0
100.00 0.00 0 0
100.00 0.00 0 0
100.00 0.00 0 0
100.00 0.00 0 0
100.00 0.00 0 0
100.00 0.00 0 0
100.00 0.00 0 0
100.00 0.00 0 0
100.00 0.00 0 0
100.00 0.00 0 0
105.00 0.00 0 0
105.00 0.00 0 0
105.00 0.00 0 0
105.00 0.00 0 0
105.00 0.00 0 0
105.00 0.00 0 0
105.00 0.00 0 0
105.00 0.00 0 0
105.00 0.00 0 0
105.00 0.00 0 0
110.00 0.00 0 0
110.00 0.00 0 0
110.00 0.00 0 0
110.00 0.00 0 0
110.00 0.00 0 0
110.00 0.00 0 0
110.00 0.00 0 0
110.00 0.00 0 0
110.00 0.00 0 0
110.00 0.00 0 0
115.00 0.00 0 0
115.00 0.00 0 0
115.00 0.00 0 0
115.00 0.00 0 0
115.00 0.00 0 0
115.00 0.00 0 0
115.00 0.00 0 0
115.00 0.00 0 0
115.00 0.00 0 0
115.00 0.00 0 0
120.00 0.00 0 0
120.00 0.00 0 0
120.00 0.00 0 0
120.00 0.00 0 0
120.00 0.00 0 0
120.00 0.00 0 0
120.00 0.00 0 0
120.00 0.00 0 0
120.00 0.00 0 0
120.00 0.00 0 0
125.00 0.00 0 0
125.00 0.00 0 0
125.00 0.00 0 0
125.00 0.00 0 0
125.00 0.00 0 0
125.00 0.00 0 0
125.00 0.00 0 0
125.00 0.00 0 0
125.00 0.00 0 0
125.00 0.00 0 0
130.00 0.00 0 0
130.00 0.00 0 0
130.00 0.00 0 0
130.00 0.00 1 0
130.00 0.00 1 0
130.00 0.00 1 0
130.00 0.00 0 0
130.00 0.00 0 0
130.00 0.00 0 0
130.00 0.00 0 0
135.00 0.00 0 0
135.00 0.00 0 0
135.00 0.00 0 0
135.00 0.00 0 0
135.00 0.00 0 0
135.00 0.00 0 0
135.00 0.00 0 0
135.00 0.00 0 0
135.00 0.00 0 0
135.00 0.00 0 0
140.00 0.00 0 0
140.00 0.00 0 0
140.00 0.00 0 0
140.00 0.00 0 0
140.00 0.00 0 0
140.00 0.00 0 0
140.00 0.00 0 0
140.00 0.00 0 0
140.00 0.00 0 0
140.00 0.00 0 0
145.00 0.00 0 0
145.00 0.00 0 0
145.00 0.00 0 0
145.00 0.00 0 0
145.00 0.00 0 0
