4 3 55306 31473 287693 32373 31505 0.644278
4 7 55306 38062 164373 38496 38094 0.779158
4 15 55306 39401 80360 39813 39433 0.806644
4 31 55306 37588 37757 37997 37620 0.769481
4 63 55306 33548 16699 33956 33580 0.686761
4 127 55306 27402 6098 27811 27434 0.56097
4 255 55306 19979 2400 20597 20011 0.409031
4 511 55306 12931 6581 19260 12963 0.26473
4 1023 55306 7559 11410 19008 7591 0.154784
4 2047 55306 4145 14233 18749 4177 0.0849081
4 4095 55306 2158 15626 18183 2190 0.0442106
6 3 81897 28362 559107 29991 28422 0.391239
6 7 81897 33870 404467 34882 33942 0.468187
6 15 81897 38293 210065 38917 38362 0.529348
6 31 81897 38436 99016 39051 38508 0.53128
6 63 81897 35852 45433 36466 35924 0.495636
6 127 81897 30771 19569 31502 30843 0.42537
6 255 81897 24098 11462 28926 24170 0.333166
6 511 81897 16719 13672 28437 16791 0.231174
6 1023 81897 10307 18132 28086 10379 0.142558
6 2047 81897 5885 21279 27670 5957 0.0813963
6 4095 81897 3097 23202 26788 3169 0.0428632
7 3 94927 23611 887026 33966 23693 0.281583
7 7 94927 31962 553690 35441 32057 0.381177
7 15 94927 37548 292994 38536 37646 0.447844
7 31 94927 38594 143093 39351 38694 0.460224
7 63 94927 36518 65556 37338 36604 0.435559
7 127 94927 31979 29878 34322 32077 0.381398
7 255 94927 25527 18697 33326 25625 0.304469
7 511 94927 18207 18120 32917 18305 0.21719
7 1023 94927 11529 21337 32582 11627 0.137541
7 2047 94927 6652 24926 32025 6750 0.0793878
7 4095 94927 3558 26936 31140 3656 0.0424668
20 3 248222 10472 3953270 59409 11161 0.047253
20 7 248222 12340 3402457 75355 13044 0.0558937
20 15 248222 21667 2366380 84353 22377 0.0986364
20 31 248222 31481 1302494 84410 32289 0.143338
20 63 248222 35576 675160 85269 36392 0.162093
20 127 248222 35169 342969 85985 35969 0.160302
20 255 248222 32039 179100 85636 32832 0.14609
20 511 248222 26837 110186 85022 27604 0.1224
20 1023 248222 20196 81516 84333 20996 0.0921458
20 2047 248222 13501 74680 83047 14301 0.0616273
20 4095 248222 8084 72513 80648 8884 0.0369216
40 3 425685 9267 12858876 114417 11816 0.0241651
40 7 425685 5939 8086931 106865 8822 0.0152413
40 15 425685 11040 6270600 127920 14254 0.0286782
40 31 425685 20781 4005849 134120 23818 0.0545151
40 63 425685 28620 2312847 143047 31675 0.0755843
40 127 425685 31787 1191887 143325 35152 0.08411
40 255 425685 31256 629079 144397 34394 0.0828605
40 511 425685 28283 323828 143603 31532 0.0750646
40 1023 425685 23458 206447 142701 26658 0.0623448
40 2047 425685 17510 150570 140677 20710 0.0465938
40 4095 425685 11618 133305 136609 14818 0.0309484
