4 3 8028 8028 0 8036 8060 1.01958
4 7 8028 8028 0 8036 8060 1.01958
4 15 8028 8028 0 8036 8060 1.01958
4 31 8028 8028 0 8036 8060 1.01957
4 63 8028 8028 0 8036 8060 1.01957
4 127 8028 8027 422 8036 8059 1.01944
4 255 8028 8021 885 8036 8053 1.01865
4 511 8028 6724 1561 8035 6756 0.854064
4 1023 8028 4917 3134 8036 4949 0.624501
4 2047 8028 3196 4709 8033 3228 0.40618
4 4095 8028 1869 6035 8023 1901 0.237679
6 3 11889 5500 170706 11901 5572 0.471863
6 7 11889 7014 106896 11901 7086 0.601764
6 15 11889 8408 59205 11901 8480 0.721251
6 31 11889 9228 31383 11901 9300 0.791703
6 63 11889 9486 17089 11901 9558 0.813593
6 127 11889 9349 9320 11900 9421 0.802137
6 255 11889 8710 6129 11901 8782 0.747149
6 511 11889 7540 5925 11898 7612 0.646933
6 1023 11889 5919 6279 11893 5991 0.507983
6 2047 11889 4094 7781 11896 4166 0.351392
6 4095 11889 2544 9157 11880 2616 0.218513
7 3 13781 5101 225877 13712 5197 0.377885
7 7 13781 6635 145980 13795 6724 0.491035
7 15 13781 8144 81976 13795 8242 0.602728
7 31 13781 9014 45868 13795 9112 0.667273
7 63 13781 9405 25450 13795 9492 0.696011
7 127 13781 9339 14855 13794 9437 0.691257
7 255 13781 8848 9206 13794 8946 0.654741
7 511 13781 7810 7682 13794 7908 0.578038
7 1023 13781 6260 8193 13791 6358 0.463318
7 2047 13781 4458 9378 13790 4556 0.330119
7 4095 13781 2835 10677 13779 2933 0.209944
20 3 36035 2633 1223412 26631 3269 0.0743123
20 7 36035 2569 1050861 35317 3326 0.0729855
20 15 36035 5049 585260 33367 5922 0.142935
20 31 36035 6738 347445 35123 7507 0.190768
20 63 36035 8008 199988 35622 8820 0.226639
20 127 36035 8644 117063 35954 9432 0.244677
20 255 36035 8844 71562 36038 9625 0.250417
20 511 36035 8567 48145 35957 9375 0.242577
20 1023 36035 7803 36410 35947 8605 0.221068
20 2047 36035 6544 32591 36009 7344 0.185435
20 4095 36035 4947 31664 35993 5747 0.140316
40 3 61795 2453 3550890 46140 5455 0.0402319
40 7 61795 1609 2398382 43738 4266 0.0268144
40 15 61795 2606 1775690 55722 5510 0.0427725
40 31 61795 4589 1046350 57456 7899 0.0753754
40 63 61795 6337 597621 59249 9472 0.103979
40 127 61795 7299 352691 61455 10367 0.120018
40 255 61795 7853 208442 61519 11046 0.129289
40 511 61795 7942 129975 61649 11142 0.130845
40 1023 61795 7607 91349 61484 10845 0.125429
40 2047 61795 6897 68225 61586 10097 0.113898
40 4095 61795 5714 61372 61538 8914 0.0945697
