0.00 0.00
0.00 16.70
0.00 17.05
0.00 16.94
5.00 17.05
5.00 17.05
5.00 16.94
5.00 16.94
5.00 16.94
5.00 17.05
5.00 16.94
5.00 17.17
5.00 16.94
5.00 17.17
10.00 16.82
10.00 17.05
10.00 17.05
10.00 16.94
10.00 17.17
10.00 17.17
10.00 16.94
10.00 16.94
10.00 17.05
10.00 16.94
15.00 16.94
15.00 17.05
15.00 17.05
15.00 16.94
15.00 17.05
15.00 17.05
15.00 17.05
15.00 16.94
15.00 16.82
15.00 17.05
20.00 17.05
20.00 16.82
20.00 17.05
20.00 16.94
20.00 17.05
20.00 17.17
20.00 17.05
20.00 16.82
20.00 17.05
20.00 17.05
25.00 17.05
25.00 17.17
25.00 16.94
25.00 17.17
25.00 16.94
25.00 16.94
25.00 17.05
25.00 16.94
25.00 16.94
25.00 16.94
30.00 17.05
30.00 16.82
30.00 17.05
30.00 16.94
30.00 16.82
30.00 16.94
30.00 17.05
30.00 16.94
30.00 16.94
30.00 17.17
35.00 16.82
35.00 16.94
35.00 16.94
35.00 17.17
35.00 16.94
35.00 17.05
35.00 16.94
35.00 17.05
35.00 16.94
35.00 16.94
40.00 16.82
40.00 16.94
40.00 16.94
40.00 16.82
40.00 16.94
40.00 17.17
40.00 16.94
40.00 17.17
40.00 16.82
40.00 16.94
45.00 16.94
45.00 16.82
45.00 17.05
45.00 17.05
45.00 17.05
45.00 16.47
45.00 17.05
45.00 16.94
45.00 17.05
45.00 16.82
50.00 16.82
50.00 16.82
50.00 16.12
50.00 16.82
50.00 16.70
50.00 16.82
50.00 16.94
50.00 16.59
50.00 16.82
50.00 16.35
55.00 16.70
55.00 15.88
55.00 16.47
55.00 16.94
55.00 15.65
55.00 16.24
55.00 16.24
55.00 16.00
55.00 15.53
55.00 16.24
60.00 16.59
60.00 15.77
60.00 16.00
60.00 15.30
60.00 15.53
60.00 15.65
60.00 16.00
60.00 15.53
60.00 16.59
60.00 15.30
65.00 16.24
65.00 14.48
65.00 13.43
65.00 13.67
65.00 14.25
65.00 13.67
65.00 14.02
65.00 14.60
65.00 14.25
65.00 13.78
70.00 14.48
70.00 12.61
70.00 11.33
70.00 11.33
70.00 10.86
70.00 11.68
70.00 11.56
70.00 12.73
70.00 12.26
70.00 12.96
75.00 12.73
75.00 9.11
75.00 9.11
75.00 10.75
75.00 9.81
75.00 10.63
75.00 9.81
75.00 10.86
75.00 9.34
75.00 9.46
80.00 7.59
80.00 6.89
80.00 6.54
80.00 6.77
80.00 4.79
80.00 5.96
80.00 5.96
80.00 7.36
80.00 5.26
80.00 3.39
85.00 6.42
85.00 3.39
85.00 3.85
85.00 3.74
85.00 3.97
85.00 3.27
85.00 3.27
85.00 5.26
85.00 4.09
85.00 2.80
90.00 3.04
90.00 1.64
90.00 2.10
90.00 1.99
90.00 2.34
90.00 2.22
90.00 1.05
90.00 1.28
90.00 2.22
90.00 2.10
95.00 1.52
95.00 1.40
95.00 1.05
95.00 0.93
95.00 1.40
95.00 1.17
95.00 1.05
95.00 1.17
95.00 1.40
95.00 1.28
100.00 0.82
100.00 0.70
100.00 0.58
100.00 0.58
100.00 0.70
100.00 0.47
100.00 0.93
100.00 0.93
100.00 0.70
100.00 0.93
105.00 0.82
105.00 0.35
105.00 0.47
105.00 0.35
105.00 0.58
105.00 0.35
105.00 0.23
105.00 0.35
105.00 0.82
105.00 0.35
110.00 0.23
110.00 0.47
110.00 0.47
110.00 0.35
110.00 0.35
110.00 0.58
110.00 0.23
110.00 0.23
110.00 0.58
110.00 0.47
115.00 0.23
115.00 0.23
115.00 0.47
115.00 0.12
115.00 0.00
115.00 0.00
115.00 0.00
115.00 0.23
115.00 0.12
115.00 0.12
120.00 0.00
120.00 0.00
120.00 0.00
120.00 0.12
120.00 0.00
120.00 0.23
120.00 0.00
120.00 0.00
120.00 0.00
120.00 0.00
125.00 0.00
125.00 0.00
125.00 0.00
125.00 0.00
125.00 0.00
125.00 0.00
125.00 0.00
125.00 0.00
125.00 0.00
125.00 0.00
130.00 0.12
130.00 0.00
130.00 0.00
130.00 0.00
130.00 0.00
130.00 0.00
130.00 0.00
130.00 0.00
130.00 0.00
130.00 0.00
135.00 0.00
135.00 0.00
135.00 0.00
135.00 0.00
135.00 0.00
135.00 0.00
135.00 0.00
135.00 0.00
135.00 0.00
135.00 0.00
140.00 0.00
140.00 0.00
140.00 0.00
140.00 0.00
140.00 0.00
140.00 0.00
140.00 0.00
140.00 0.00
140.00 0.00
140.00 0.00
145.00 0.00
145.00 0.00
145.00 0.00
145.00 0.00
145.00 0.00
