0.00 0.00
0.00 9.58
0.00 9.69
0.00 9.69
5.00 9.69
5.00 9.69
5.00 9.69
5.00 9.69
5.00 9.81
5.00 9.69
5.00 9.69
5.00 9.58
5.00 9.69
5.00 9.69
10.00 9.81
10.00 9.69
10.00 9.69
10.00 9.69
10.00 9.69
10.00 9.81
10.00 9.69
10.00 9.69
10.00 9.69
10.00 9.69
15.00 9.69
15.00 9.69
15.00 9.69
15.00 9.81
15.00 9.69
15.00 9.69
15.00 9.69
15.00 9.81
15.00 9.69
15.00 9.81
20.00 9.69
20.00 9.69
20.00 9.69
20.00 9.69
20.00 9.69
20.00 9.69
20.00 9.69
20.00 9.69
20.00 9.69
20.00 9.81
25.00 9.69
25.00 9.69
25.00 9.69
25.00 9.69
25.00 9.69
25.00 9.69
25.00 9.81
25.00 9.69
25.00 9.69
25.00 9.69
30.00 9.69
30.00 9.69
30.00 9.69
30.00 9.69
30.00 9.69
30.00 9.69
30.00 9.69
30.00 9.69
30.00 9.69
30.00 9.69
35.00 9.69
35.00 9.69
35.00 9.81
35.00 9.69
35.00 9.81
35.00 9.69
35.00 9.69
35.00 9.69
35.00 9.69
35.00 9.69
40.00 9.69
40.00 9.69
40.00 9.81
40.00 9.69
40.00 9.69
40.00 9.81
40.00 9.69
40.00 9.69
40.00 9.69
40.00 9.69
45.00 9.81
45.00 9.58
45.00 9.69
45.00 9.81
45.00 9.69
45.00 9.69
45.00 9.58
45.00 9.81
45.00 9.69
45.00 9.69
50.00 9.69
50.00 9.69
50.00 9.69
50.00 9.58
50.00 9.81
50.00 9.69
50.00 9.69
50.00 9.69
50.00 9.58
50.00 9.69
55.00 9.69
55.00 9.69
55.00 9.69
55.00 9.69
55.00 9.69
55.00 9.69
55.00 9.81
55.00 9.69
55.00 9.58
55.00 9.69
60.00 9.81
60.00 9.58
60.00 9.81
60.00 9.69
60.00 9.69
60.00 9.58
60.00 9.69
60.00 9.69
60.00 9.69
60.00 9.69
65.00 9.69
65.00 9.69
65.00 9.69
65.00 9.69
65.00 9.58
65.00 9.69
65.00 9.58
65.00 9.69
65.00 9.58
65.00 9.69
70.00 9.69
70.00 9.69
70.00 9.69
70.00 9.69
70.00 9.81
70.00 9.69
70.00 9.58
70.00 9.69
70.00 9.69
70.00 9.69
75.00 9.58
75.00 9.69
75.00 9.81
75.00 9.58
75.00 9.58
75.00 9.58
75.00 9.46
75.00 9.69
75.00 9.69
75.00 9.69
80.00 9.81
80.00 9.23
80.00 9.46
80.00 9.69
80.00 9.58
80.00 9.69
80.00 9.46
80.00 9.46
80.00 9.69
80.00 9.46
85.00 9.11
85.00 9.34
85.00 9.69
85.00 9.11
85.00 9.11
85.00 9.11
85.00 9.11
85.00 8.99
85.00 9.11
85.00 9.11
90.00 9.34
90.00 9.11
90.00 9.23
90.00 9.34
90.00 8.99
90.00 9.11
90.00 8.99
90.00 9.11
90.00 8.88
90.00 8.99
95.00 8.76
95.00 8.88
95.00 8.76
95.00 8.88
95.00 8.76
95.00 8.64
95.00 8.53
95.00 8.29
95.00 9.23
95.00 8.64
100.00 8.53
100.00 7.48
100.00 7.71
100.00 6.89
100.00 8.64
100.00 8.18
100.00 7.59
100.00 8.41
100.00 8.76
100.00 8.41
105.00 8.18
105.00 6.66
105.00 7.48
105.00 6.89
105.00 7.24
105.00 7.59
105.00 7.36
105.00 7.94
105.00 6.89
105.00 7.59
110.00 7.48
110.00 7.36
110.00 6.31
110.00 5.14
110.00 6.31
110.00 7.59
110.00 6.66
110.00 6.66
110.00 6.66
110.00 6.89
115.00 5.84
115.00 5.84
115.00 4.56
115.00 5.26
115.00 4.44
115.00 5.96
115.00 4.67
115.00 5.49
115.00 5.96
115.00 5.14
120.00 4.79
120.00 3.04
120.00 4.09
120.00 4.56
120.00 3.15
120.00 3.97
120.00 6.07
120.00 5.26
120.00 4.56
120.00 3.85
125.00 4.09
125.00 2.69
125.00 2.80
125.00 3.27
125.00 2.57
125.00 3.15
125.00 2.92
125.00 3.04
125.00 3.39
125.00 2.80
130.00 3.15
130.00 1.40
130.00 3.04
130.00 1.87
130.00 2.10
130.00 1.87
130.00 1.87
130.00 1.40
130.00 2.22
130.00 1.75
135.00 2.34
135.00 1.28
135.00 1.17
135.00 1.17
135.00 1.17
135.00 2.10
135.00 1.64
135.00 1.05
135.00 0.82
135.00 1.99
140.00 1.40
140.00 1.05
140.00 1.75
140.00 0.82
140.00 1.52
140.00 1.64
140.00 0.82
140.00 0.93
140.00 0.58
140.00 0.58
145.00 1.05
145.00 1.05
145.00 1.05
145.00 0.58
145.00 0.70
