0.00 0.00
0.00 28.62
0.00 28.73
0.00 29.32
5.00 28.38
5.00 29.20
5.00 28.85
5.00 29.08
5.00 29.20
5.00 29.08
5.00 29.20
5.00 29.67
5.00 28.97
5.00 28.97
10.00 28.97
10.00 28.73
10.00 28.38
10.00 29.20
10.00 29.08
10.00 28.73
10.00 29.08
10.00 28.50
10.00 29.08
10.00 28.97
15.00 29.08
15.00 28.73
15.00 28.62
15.00 28.85
15.00 28.62
15.00 27.80
15.00 28.38
15.00 28.27
15.00 28.62
15.00 28.97
20.00 28.62
20.00 27.92
20.00 29.08
20.00 28.03
20.00 28.62
20.00 28.85
20.00 28.27
20.00 28.27
20.00 28.50
20.00 28.15
25.00 27.92
25.00 27.45
25.00 26.98
25.00 27.68
25.00 26.86
25.00 27.80
25.00 27.80
25.00 27.68
25.00 28.15
25.00 28.03
30.00 27.92
30.00 25.58
30.00 26.16
30.00 24.76
30.00 26.16
30.00 25.23
30.00 26.28
30.00 26.51
30.00 24.88
30.00 24.76
35.00 25.70
35.00 24.64
35.00 24.29
35.00 22.43
35.00 21.96
35.00 23.71
35.00 24.64
35.00 22.19
35.00 26.16
35.00 24.64
40.00 24.29
40.00 17.29
40.00 19.04
40.00 17.99
40.00 17.99
40.00 18.69
40.00 17.75
40.00 15.18
40.00 15.07
40.00 19.51
45.00 20.79
45.00 11.56
45.00 10.04
45.00 11.56
45.00 10.75
45.00 12.50
45.00 10.98
45.00 11.10
45.00 13.78
45.00 12.15
50.00 12.50
50.00 4.56
50.00 2.57
50.00 5.14
50.00 3.27
50.00 6.19
50.00 6.42
50.00 2.80
50.00 3.97
50.00 3.74
55.00 5.37
55.00 1.28
55.00 1.40
55.00 2.34
55.00 1.52
55.00 0.70
55.00 3.04
55.00 2.10
55.00 1.87
55.00 0.93
60.00 2.57
60.00 0.93
60.00 0.93
60.00 0.93
60.00 0.82
60.00 0.35
60.00 0.70
60.00 0.35
60.00 0.47
60.00 0.93
65.00 0.58
65.00 0.00
65.00 0.12
65.00 0.35
65.00 0.00
65.00 0.00
65.00 0.00
65.00 0.12
65.00 0.00
65.00 0.12
70.00 0.23
70.00 0.00
70.00 0.00
70.00 0.00
70.00 0.00
70.00 0.12
70.00 0.00
70.00 0.00
70.00 0.00
70.00 0.00
75.00 0.00
75.00 0.00
75.00 0.00
75.00 0.00
75.00 0.00
75.00 0.00
75.00 0.00
75.00 0.00
75.00 0.00
75.00 0.00
80.00 0.00
80.00 0.00
80.00 0.00
80.00 0.00
80.00 0.00
80.00 0.00
80.00 0.00
80.00 0.00
80.00 0.00
80.00 0.00
85.00 0.00
85.00 0.00
85.00 0.00
85.00 0.00
85.00 0.00
85.00 0.00
85.00 0.00
85.00 0.00
85.00 0.00
85.00 0.00
90.00 0.00
90.00 0.00
90.00 0.00
90.00 0.00
90.00 0.00
90.00 0.00
90.00 0.00
90.00 0.00
90.00 0.00
90.00 0.00
95.00 0.00
95.00 0.00
95.00 0.00
95.00 0.00
95.00 0.00
95.00 0.00
95.00 0.00
95.00 0.00
95.00 0.00
95.00 0.00
100.00 0.00
100.00 0.00
100.00 0.00
100.00 0.00
100.00 0.00
100.00 0.00
100.00 0.00
100.00 0.00
100.00 0.00
100.00 0.00
105.00 0.00
105.00 0.00
105.00 0.00
105.00 0.00
105.00 0.00
105.00 0.00
105.00 0.00
105.00 0.00
105.00 0.00
105.00 0.00
110.00 0.00
110.00 0.00
110.00 0.00
110.00 0.00
110.00 0.00
110.00 0.00
110.00 0.00
110.00 0.00
110.00 0.00
110.00 0.00
115.00 0.00
115.00 0.00
115.00 0.00
115.00 0.00
115.00 0.00
115.00 0.00
115.00 0.00
115.00 0.00
115.00 0.00
115.00 0.00
120.00 0.00
120.00 0.00
120.00 0.00
120.00 0.00
120.00 0.00
120.00 0.00
120.00 0.00
120.00 0.00
120.00 0.00
120.00 0.00
125.00 0.00
125.00 0.00
125.00 0.00
125.00 0.00
125.00 0.00
125.00 0.00
125.00 0.00
125.00 0.00
125.00 0.00
125.00 0.00
130.00 0.00
130.00 0.00
130.00 0.00
130.00 0.00
130.00 0.00
130.00 0.00
130.00 0.00
130.00 0.00
130.00 0.00
130.00 0.00
135.00 0.00
135.00 0.00
135.00 0.00
135.00 0.00
135.00 0.00
135.00 0.00
135.00 0.00
135.00 0.00
135.00 0.00
135.00 0.00
140.00 0.00
140.00 0.00
140.00 0.00
140.00 0.00
140.00 0.00
140.00 0.00
140.00 0.00
140.00 0.00
140.00 0.00
140.00 0.00
145.00 0.00
145.00 0.00
145.00 0.00
145.00 0.00
145.00 0.00
