0.00 0.00
0.00 28.38
0.00 28.73
0.00 29.32
5.00 28.50
5.00 29.20
5.00 28.85
5.00 28.97
5.00 29.20
5.00 29.20
5.00 29.08
5.00 29.67
5.00 28.97
5.00 28.97
10.00 29.08
10.00 28.62
10.00 28.38
10.00 29.20
10.00 29.20
10.00 28.62
10.00 29.08
10.00 28.50
10.00 29.08
10.00 28.97
15.00 29.08
15.00 28.73
15.00 28.62
15.00 28.85
15.00 28.62
15.00 27.80
15.00 28.38
15.00 28.27
15.00 28.62
15.00 28.97
20.00 28.62
20.00 27.80
20.00 29.20
20.00 27.92
20.00 28.73
20.00 28.85
20.00 28.27
20.00 28.15
20.00 28.62
20.00 28.03
25.00 27.92
25.00 27.68
25.00 26.75
25.00 27.56
25.00 26.86
25.00 27.92
25.00 27.56
25.00 27.68
25.00 28.27
25.00 27.92
30.00 27.92
30.00 25.58
30.00 26.05
30.00 24.88
30.00 26.05
30.00 25.11
30.00 26.28
30.00 26.51
30.00 25.23
30.00 25.58
35.00 26.05
35.00 24.18
35.00 24.41
35.00 23.01
35.00 21.96
35.00 23.13
35.00 25.11
35.00 22.89
35.00 25.46
35.00 25.58
40.00 24.41
40.00 17.29
40.00 19.39
40.00 17.17
40.00 17.87
40.00 18.57
40.00 19.74
40.00 15.65
40.00 16.94
40.00 21.02
45.00 18.80
45.00 11.80
45.00 11.68
45.00 10.28
45.00 10.16
45.00 12.38
45.00 10.98
45.00 11.56
45.00 14.48
45.00 11.45
50.00 12.61
50.00 2.69
50.00 2.92
50.00 4.56
50.00 4.91
50.00 5.96
50.00 7.48
50.00 4.91
50.00 3.39
50.00 4.44
55.00 4.32
55.00 2.10
55.00 1.99
55.00 2.80
55.00 1.17
55.00 2.10
55.00 3.62
55.00 4.56
55.00 1.64
55.00 3.97
60.00 2.22
60.00 5.26
60.00 1.87
60.00 4.32
60.00 2.57
60.00 2.10
60.00 3.27
60.00 2.34
60.00 2.92
60.00 4.20
65.00 2.34
65.00 4.91
65.00 4.09
65.00 5.49
65.00 4.44
65.00 2.80
65.00 3.15
65.00 2.57
65.00 3.15
65.00 3.50
70.00 3.62
70.00 5.14
70.00 5.37
70.00 8.41
70.00 4.44
70.00 5.96
70.00 3.27
70.00 7.48
70.00 2.57
70.00 4.20
75.00 7.01
75.00 4.32
75.00 3.74
75.00 3.74
75.00 4.67
75.00 2.69
75.00 2.92
75.00 1.64
75.00 2.69
75.00 2.92
80.00 5.14
80.00 2.45
80.00 5.37
80.00 1.99
80.00 2.45
80.00 2.34
80.00 3.74
80.00 4.09
80.00 2.34
80.00 3.74
85.00 2.45
85.00 1.99
85.00 3.97
85.00 1.75
85.00 1.64
85.00 2.10
85.00 3.27
85.00 2.57
85.00 1.99
85.00 2.92
90.00 2.45
90.00 1.99
90.00 1.52
90.00 1.64
90.00 2.10
90.00 1.99
90.00 1.87
90.00 3.04
90.00 2.92
90.00 1.52
95.00 2.22
95.00 1.28
95.00 2.10
95.00 1.75
95.00 1.64
95.00 1.75
95.00 1.75
95.00 1.64
95.00 1.75
95.00 1.52
100.00 2.45
100.00 4.09
100.00 1.52
100.00 2.45
100.00 2.45
100.00 1.99
100.00 2.22
100.00 1.40
100.00 2.57
100.00 1.75
105.00 2.69
105.00 1.52
105.00 2.92
105.00 4.91
105.00 1.99
105.00 1.87
105.00 1.99
105.00 2.10
105.00 2.80
105.00 2.22
110.00 1.75
110.00 1.87
110.00 1.87
110.00 2.57
110.00 2.92
110.00 2.57
110.00 2.34
110.00 1.17
110.00 2.92
110.00 3.50
115.00 2.57
115.00 2.92
115.00 4.20
115.00 2.80
115.00 2.22
115.00 1.28
115.00 3.50
115.00 3.39
115.00 2.69
115.00 2.57
120.00 1.05
120.00 1.52
120.00 1.52
120.00 2.57
120.00 1.64
120.00 2.45
120.00 2.92
120.00 2.45
120.00 1.05
120.00 1.87
125.00 1.99
125.00 1.40
125.00 2.57
125.00 1.05
125.00 1.87
125.00 1.99
125.00 2.45
125.00 1.05
125.00 1.87
125.00 2.10
130.00 0.93
130.00 2.10
130.00 1.75
130.00 1.64
130.00 1.52
130.00 2.10
130.00 1.99
130.00 1.52
130.00 2.22
130.00 1.05
135.00 1.52
135.00 1.87
135.00 0.58
135.00 1.17
135.00 1.64
135.00 1.64
135.00 0.93
135.00 0.82
135.00 1.05
135.00 1.99
140.00 1.17
140.00 1.40
140.00 1.17
140.00 1.17
140.00 1.05
140.00 1.52
140.00 1.64
140.00 1.40
140.00 0.82
140.00 1.28
145.00 1.05
145.00 0.70
145.00 0.82
145.00 1.05
145.00 1.52
