0.00 0.00
0.00 12.85
0.00 27.45
0.00 28.62
5.00 28.97
5.00 28.62
5.00 29.32
5.00 29.55
5.00 28.97
5.00 29.08
5.00 29.43
5.00 29.32
5.00 28.97
5.00 29.20
10.00 28.85
10.00 28.97
10.00 28.27
10.00 28.85
10.00 28.73
10.00 29.08
10.00 13.90
10.00 14.60
10.00 28.03
10.00 28.97
15.00 26.51
15.00 28.73
15.00 28.97
15.00 29.43
15.00 28.73
15.00 28.85
15.00 27.92
15.00 28.38
15.00 28.73
15.00 28.03
20.00 28.97
20.00 28.15
20.00 28.03
20.00 28.97
20.00 28.38
20.00 28.85
20.00 28.62
20.00 20.79
20.00 14.02
20.00 27.10
25.00 29.08
25.00 21.37
25.00 26.63
25.00 27.21
25.00 27.80
25.00 26.40
25.00 26.98
25.00 27.92
25.00 28.27
25.00 27.92
30.00 28.38
30.00 25.81
30.00 27.33
30.00 27.10
30.00 26.05
30.00 24.64
30.00 25.46
30.00 25.70
30.00 21.26
30.00 13.90
35.00 24.18
35.00 24.64
35.00 18.57
35.00 24.18
35.00 24.06
35.00 24.18
35.00 24.06
35.00 21.61
35.00 22.08
35.00 25.70
40.00 25.11
40.00 18.22
40.00 22.19
40.00 20.32
40.00 22.31
40.00 18.34
40.00 19.27
40.00 21.26
40.00 19.16
40.00 17.75
45.00 13.32
45.00 12.73
45.00 11.80
45.00 10.16
45.00 14.13
45.00 18.92
45.00 16.59
45.00 16.82
45.00 14.72
45.00 18.80
50.00 18.34
50.00 14.72
50.00 19.51
50.00 18.34
50.00 18.45
50.00 19.51
50.00 18.92
50.00 18.80
50.00 14.72
50.00 12.50
55.00 17.05
55.00 16.70
55.00 14.72
55.00 17.75
55.00 13.32
55.00 12.96
55.00 17.52
55.00 17.05
55.00 16.47
55.00 13.90
60.00 16.82
60.00 13.55
60.00 12.26
60.00 11.80
60.00 12.03
60.00 13.55
60.00 13.67
60.00 13.08
60.00 12.85
60.00 13.55
65.00 14.83
65.00 9.11
65.00 9.81
65.00 10.16
65.00 9.34
65.00 9.34
65.00 9.46
65.00 10.98
65.00 10.63
65.00 10.16
70.00 10.04
70.00 6.42
70.00 10.40
70.00 9.11
70.00 5.96
70.00 6.89
70.00 8.64
70.00 10.98
70.00 8.18
70.00 6.77
75.00 11.45
75.00 3.39
75.00 4.91
75.00 5.49
75.00 12.03
75.00 11.33
75.00 8.64
75.00 4.56
75.00 9.23
75.00 11.33
80.00 8.64
80.00 7.59
80.00 7.01
80.00 11.33
80.00 11.80
80.00 6.31
80.00 9.58
80.00 10.51
80.00 11.10
80.00 10.86
85.00 10.40
85.00 10.51
85.00 10.63
85.00 10.86
85.00 10.40
85.00 9.81
85.00 8.99
85.00 10.40
85.00 10.04
85.00 9.58
90.00 9.69
90.00 9.34
90.00 9.81
90.00 9.11
90.00 9.23
90.00 9.23
90.00 9.58
90.00 9.58
90.00 9.34
90.00 9.34
95.00 9.34
95.00 7.12
95.00 8.06
95.00 8.64
95.00 8.76
95.00 8.29
95.00 8.88
95.00 9.11
95.00 8.64
95.00 7.83
100.00 8.53
100.00 7.83
100.00 7.01
100.00 6.89
100.00 5.96
100.00 6.89
100.00 6.66
100.00 7.12
100.00 7.59
100.00 5.96
105.00 6.77
105.00 5.61
105.00 5.02
105.00 6.19
105.00 6.89
105.00 5.96
105.00 6.89
105.00 7.48
105.00 6.66
105.00 5.49
110.00 5.37
110.00 5.26
110.00 5.84
110.00 6.42
110.00 6.19
110.00 4.79
110.00 4.44
110.00 5.61
110.00 5.26
110.00 4.79
115.00 3.85
115.00 5.26
115.00 3.85
115.00 2.22
115.00 4.79
115.00 5.37
115.00 4.67
115.00 4.79
115.00 5.02
115.00 6.54
120.00 3.97
120.00 2.22
120.00 4.56
120.00 2.22
120.00 2.10
120.00 2.45
120.00 3.50
120.00 4.44
120.00 3.15
120.00 2.92
125.00 3.27
125.00 3.50
125.00 3.15
125.00 2.69
125.00 3.50
125.00 3.39
125.00 1.64
125.00 1.52
125.00 1.17
125.00 3.74
130.00 3.27
130.00 2.69
130.00 3.15
130.00 3.15
130.00 1.99
130.00 3.39
130.00 3.50
130.00 3.39
130.00 3.50
130.00 2.45
135.00 2.22
135.00 1.64
135.00 2.10
135.00 1.87
135.00 1.52
135.00 1.64
135.00 2.10
135.00 2.22
135.00 3.39
135.00 1.75
140.00 1.75
140.00 1.64
140.00 1.52
140.00 1.99
140.00 2.34
140.00 1.52
140.00 1.75
140.00 1.99
140.00 1.87
140.00 1.64
145.00 2.10
145.00 1.28
145.00 1.05
145.00 1.99
145.00 1.75
