0.00 0.00 14 14
0.00 7.36 132 126
0.00 0.00 133 127
0.00 0.00 134 128
5.00 0.00 135 129
5.00 0.00 136 130
5.00 0.00 137 131
5.00 0.00 138 132
5.00 0.00 139 133
5.00 0.00 140 134
5.00 0.00 141 135
5.00 14.25 332 323
5.00 8.99 459 446
5.00 0.00 460 447
10.00 14.37 657 641
10.00 7.36 766 746
10.00 0.00 767 747
10.00 0.00 768 748
10.00 0.00 769 749
10.00 0.00 770 750
10.00 0.00 771 751
10.00 0.00 772 752
10.00 0.00 773 753
10.00 0.00 774 754
15.00 0.00 775 755
15.00 8.53 918 894
15.00 0.00 919 895
15.00 0.00 920 896
15.00 0.00 921 897
15.00 0.00 922 898
15.00 0.00 923 899
15.00 0.00 924 900
15.00 0.00 925 901
15.00 0.00 926 902
20.00 0.00 927 903
20.00 9.93 1036 1010
20.00 16.24 1260 1230
20.00 0.00 1261 1231
20.00 0.00 1262 1232
20.00 0.00 1263 1233
20.00 0.00 1264 1234
20.00 0.00 1265 1235
20.00 0.00 1266 1236
20.00 0.00 1267 1237
25.00 0.00 1268 1238
25.00 0.00 1269 1239
25.00 0.00 1280 1249
25.00 0.00 1281 1250
25.00 0.00 1282 1251
25.00 0.00 1283 1252
25.00 0.00 1 1
25.00 0.00 2 2
25.00 0.00 3 3
25.00 0.00 4 4
30.00 0.00 5 5
30.00 0.00 6 6
30.00 0.70 10 10
30.00 0.00 11 11
30.00 0.12 15 14
30.00 0.00 16 15
30.00 2.92 43 42
30.00 0.00 44 43
30.00 0.23 49 47
30.00 0.00 50 48
35.00 0.00 51 49
35.00 0.00 52 50
35.00 0.00 53 51
35.00 0.00 54 52
35.00 0.00 55 53
35.00 0.00 56 54
35.00 0.00 1 1
35.00 0.00 2 2
35.00 0.93 17 16
35.00 0.00 18 17
40.00 0.00 19 18
40.00 0.00 20 19
40.00 0.00 21 20
40.00 0.00 22 21
40.00 0.00 23 22
40.00 0.00 24 23
40.00 0.00 1 1
40.00 0.00 2 2
40.00 0.70 23 21
40.00 0.00 24 22
45.00 0.00 25 23
45.00 0.00 26 24
45.00 0.00 27 25
45.00 0.00 28 26
45.00 0.00 29 27
45.00 0.00 30 28
45.00 0.00 1 1
45.00 0.00 2 2
45.00 0.00 4 3
45.00 0.00 5 4
50.00 0.00 6 5
50.00 0.00 7 6
50.00 0.00 8 7
50.00 0.00 9 8
50.00 0.00 10 9
50.00 0.00 11 10
50.00 0.00 1 1
50.00 0.00 2 2
50.00 0.00 3 3
50.00 0.00 4 4
55.00 0.00 5 5
55.00 0.00 6 6
55.00 0.00 7 7
55.00 0.00 8 8
55.00 0.00 9 9
55.00 0.00 10 10
55.00 0.00 1 1
55.00 0.00 2 2
55.00 0.00 4 3
55.00 0.00 5 4
60.00 0.00 6 5
60.00 0.00 7 6
60.00 0.00 8 7
60.00 0.00 9 8
60.00 0.00 10 9
60.00 0.00 11 10
60.00 0.00 1 1
60.00 0.00 2 2
60.00 0.00 3 3
60.00 0.00 4 4
65.00 0.00 5 5
65.00 0.00 6 6
65.00 0.00 7 7
65.00 0.00 8 8
65.00 0.00 9 9
65.00 0.00 10 10
65.00 0.00 1 1
65.00 0.00 2 2
65.00 0.00 3 3
65.00 0.00 4 4
70.00 0.00 5 5
70.00 0.00 6 6
70.00 0.00 7 7
70.00 0.00 8 8
70.00 0.00 9 9
70.00 0.00 10 10
70.00 0.00 1 1
70.00 0.00 2 2
70.00 0.00 3 3
70.00 0.00 4 4
75.00 0.00 5 5
75.00 0.00 6 6
75.00 0.00 7 7
75.00 0.00 8 8
75.00 0.00 9 9
75.00 0.00 10 10
75.00 0.00 1 1
75.00 0.00 2 2
75.00 0.00 4 3
75.00 0.00 5 4
80.00 0.00 6 5
80.00 0.00 7 6
80.00 0.00 8 7
80.00 0.00 9 8
80.00 0.00 10 9
80.00 0.00 11 10
80.00 0.00 1 1
80.00 0.00 2 2
80.00 0.00 3 3
80.00 0.00 4 4
85.00 0.00 5 5
85.00 0.00 6 6
85.00 0.00 7 7
85.00 0.00 8 8
85.00 0.00 9 9
85.00 0.00 10 10
85.00 0.00 1 1
85.00 0.00 2 2
85.00 0.00 3 3
85.00 0.00 4 4
90.00 0.00 5 5
90.00 0.00 6 6
90.00 0.00 7 7
90.00 0.00 8 8
90.00 0.00 9 9
90.00 0.00 10 10
90.00 0.00 1 1
90.00 0.00 2 2
90.00 0.00 3 3
90.00 0.00 4 4
95.00 0.00 5 5
95.00 0.00 6 6
95.00 0.00 7 7
95.00 0.00 8 8
95.00 0.00 9 9
95.00 0.00 10 10
95.00 0.00 1 1
95.00 0.00 2 2
95.00 0.00 3 3
95.00 0.00 4 4
100.00 0.00 5 5
100.00 0.00 6 6
100.00 0.00 7 7
100.00 0.00 8 8
100.00 0.00 9 9
100.00 0.00 10 10
100.00 0.00 1 1
100.00 0.00 2 2
100.00 0.00 3 3
100.00 0.00 4 4
105.00 0.00 5 5
105.00 0.00 6 6
105.00 0.00 7 7
105.00 0.00 8 8
105.00 0.00 9 9
105.00 0.00 10 10
105.00 0.00 1 1
105.00 0.00 2 2
105.00 0.00 3 3
105.00 0.00 4 4
110.00 0.00 5 5
110.00 0.00 6 6
110.00 0.00 7 7
110.00 0.00 8 8
110.00 0.00 9 9
110.00 0.00 10 10
110.00 0.00 1 1
110.00 0.00 2 2
110.00 0.00 3 3
110.00 0.00 4 4
115.00 0.00 5 5
115.00 0.00 6 6
115.00 0.00 7 7
115.00 0.00 8 8
115.00 0.00 9 9
115.00 0.00 10 10
115.00 0.00 1 1
115.00 0.00 2 2
115.00 0.00 4 3
115.00 0.00 5 4
120.00 0.00 6 5
120.00 0.00 7 6
120.00 0.00 8 7
120.00 0.00 9 8
120.00 0.00 10 9
120.00 0.00 11 10
120.00 0.00 1 1
120.00 0.00 2 2
120.00 0.00 3 3
120.00 0.00 4 4
125.00 0.00 5 5
125.00 0.00 6 6
125.00 0.00 7 7
125.00 0.00 8 8
125.00 0.00 9 9
125.00 0.00 10 10
125.00 0.00 1 1
125.00 0.00 2 2
125.00 0.00 3 3
125.00 0.00 4 4
130.00 0.00 5 5
130.00 0.00 6 6
130.00 0.00 7 7
130.00 0.00 8 8
130.00 0.00 9 9
130.00 0.00 10 10
130.00 0.00 1 1
130.00 0.00 2 2
130.00 0.00 3 3
130.00 0.00 4 4
135.00 0.00 5 5
135.00 0.00 6 6
135.00 0.00 7 7
135.00 0.00 8 8
135.00 0.00 9 9
135.00 0.00 10 10
135.00 0.00 1 1
135.00 0.00 2 2
135.00 0.00 3 3
135.00 0.00 4 4
140.00 0.00 5 5
140.00 0.00 6 6
140.00 0.00 7 7
140.00 0.00 8 8
140.00 0.00 9 9
140.00 0.00 10 10
140.00 0.00 1 1
140.00 0.00 2 2
140.00 0.00 3 2
140.00 0.00 4 3
145.00 0.00 5 4
145.00 0.00 6 5
145.00 0.00 7 6
145.00 0.00 8 7
145.00 0.00 9 8
