0.00 0.00 0 0
0.00 15.65 202 138
0.00 17.17 373 285
0.00 16.70 514 428
5.00 16.70 660 571
5.00 17.05 805 717
5.00 17.17 950 864
5.00 16.94 1098 1009
5.00 16.82 1240 1153
5.00 16.35 1380 1293
5.00 17.75 1532 1445
5.00 15.88 1669 1581
5.00 17.17 1814 1728
5.00 17.29 1964 1876
10.00 16.59 2106 2018
10.00 17.05 2252 2164
10.00 17.05 2398 2310
10.00 17.29 2544 2458
10.00 17.29 2694 2606
10.00 16.70 2837 2749
10.00 16.94 2980 2894
10.00 16.59 3124 3036
10.00 17.05 3270 3182
10.00 16.24 3409 3321
15.00 17.05 3550 3467
15.00 16.70 3696 3610
15.00 16.24 3838 3749
15.00 17.17 3982 3896
15.00 17.05 4130 4042
15.00 15.65 4264 4176
15.00 16.47 4404 4317
15.00 15.88 4542 4453
15.00 16.59 4678 4595
15.00 17.17 4826 4742
20.00 16.70 4972 4885
20.00 16.59 5116 5027
20.00 16.59 5256 5169
20.00 16.94 5386 5314
20.00 16.47 5542 5455
20.00 16.24 5680 5594
20.00 16.24 5814 5733
20.00 16.35 5958 5873
20.00 16.12 6100 6011
20.00 16.59 6242 6153
25.00 16.70 6383 6296
25.00 15.77 6519 6431
25.00 16.47 6660 6572
25.00 16.59 6802 6714
25.00 16.00 6938 6851
25.00 16.00 7076 6988
25.00 15.88 136 136
25.00 15.77 268 271
25.00 16.47 412 412
25.00 16.47 548 553
30.00 16.70 695 696
30.00 16.00 832 833
30.00 15.88 967 969
30.00 15.53 1100 1102
30.00 16.47 1242 1243
30.00 15.30 1372 1374
30.00 15.30 132 131
30.00 15.42 264 263
30.00 15.18 392 393
30.00 15.18 524 523
35.00 15.53 656 656
35.00 14.37 781 779
35.00 14.60 904 904
35.00 14.60 1030 1029
35.00 15.18 1160 1159
35.00 15.07 1288 1288
35.00 15.18 132 130
35.00 14.25 254 252
35.00 14.95 382 380
35.00 14.25 504 502
40.00 13.20 617 615
40.00 4.67 659 700
40.00 11.56 741 794
40.00 11.45 850 892
40.00 11.33 947 989
40.00 12.38 1052 1095
40.00 11.56 104 99
40.00 10.98 172 193
40.00 12.73 286 302
40.00 11.91 388 404
45.00 8.64 472 503
45.00 9.69 528 562
45.00 6.66 586 619
45.00 7.94 654 687
45.00 7.36 720 750
45.00 2.45 739 771
45.00 0.00 0 0
45.00 4.09 38 35
45.00 0.00 38 35
45.00 0.00 42 38
50.00 8.41 111 107
50.00 4.56 157 149
50.00 1.75 178 167
50.00 0.00 178 167
50.00 0.00 178 167
50.00 0.00 178 167
50.00 0.00 0 0
50.00 0.00 0 0
50.00 0.00 0 0
50.00 0.00 0 0
55.00 0.00 0 0
55.00 0.00 0 0
55.00 1.05 6 4
55.00 0.00 6 4
55.00 0.00 6 4
55.00 0.00 6 4
55.00 0.00 0 0
55.00 0.00 0 0
55.00 0.00 0 0
55.00 0.00 0 0
60.00 0.00 0 0
60.00 0.00 0 0
60.00 0.00 1 0
60.00 0.00 1 0
60.00 0.00 1 0
60.00 0.00 1 0
60.00 0.00 0 0
60.00 0.00 0 0
60.00 0.00 0 0
60.00 0.00 0 0
65.00 0.00 0 0
65.00 0.00 0 0
65.00 0.00 0 0
65.00 0.00 0 0
65.00 0.00 0 0
65.00 0.00 0 0
65.00 0.00 0 0
65.00 0.00 0 0
65.00 0.00 0 0
65.00 0.00 0 0
70.00 0.00 0 0
70.00 0.00 0 0
70.00 0.00 1 0
70.00 0.00 1 0
70.00 0.00 1 0
70.00 0.00 1 0
70.00 0.00 0 0
70.00 0.00 0 0
70.00 0.00 0 0
70.00 0.00 0 0
75.00 0.00 0 0
75.00 0.00 0 0
75.00 0.00 0 0
75.00 0.00 0 0
75.00 0.00 0 0
75.00 0.00 0 0
75.00 0.00 0 0
75.00 0.00 0 0
75.00 0.00 0 0
75.00 0.00 0 0
80.00 0.00 0 0
80.00 0.00 0 0
80.00 0.00 0 0
80.00 0.00 0 0
80.00 0.00 0 0
80.00 0.00 0 0
80.00 0.00 0 0
80.00 0.00 0 0
80.00 0.00 0 0
80.00 0.00 0 0
85.00 0.00 0 0
85.00 0.00 0 0
85.00 0.00 0 0
85.00 0.00 0 0
85.00 0.00 0 0
85.00 0.00 0 0
85.00 0.00 0 0
85.00 0.00 0 0
85.00 0.00 0 0
85.00 0.00 0 0
90.00 0.00 0 0
90.00 0.00 0 0
90.00 0.00 1 0
90.00 0.00 1 0
90.00 0.00 1 0
90.00 0.00 1 0
90.00 0.00 0 0
90.00 0.00 0 0
90.00 0.00 0 0
90.00 0.00 0 0
95.00 0.00 0 0
95.00 0.00 0 0
95.00 0.00 0 0
95.00 0.00 0 0
95.00 0.00 0 0
95.00 0.00 0 0
95.00 0.00 0 0
95.00 0.00 0 0
95.00 0.00 0 0
95.00 0.00 0 0
100.00 0.00 0 0
100.00 0.00 0 0
100.00 0.00 0 0
100.00 0.00 0 0
100.00 0.00 0 0
100.00 0.00 0 0
100.00 0.00 0 0
100.00 0.00 0 0
100.00 0.00 0 0
100.00 0.00 0 0
105.00 0.00 0 0
105.00 0.00 0 0
105.00 0.00 0 0
105.00 0.00 0 0
105.00 0.00 0 0
105.00 0.00 0 0
105.00 0.00 0 0
105.00 0.00 0 0
105.00 0.00 0 0
105.00 0.00 0 0
110.00 0.00 0 0
110.00 0.00 0 0
110.00 0.00 0 0
110.00 0.00 0 0
110.00 0.00 0 0
110.00 0.00 0 0
110.00 0.00 0 0
110.00 0.00 0 0
110.00 0.00 0 0
110.00 0.00 0 0
115.00 0.00 0 0
115.00 0.00 0 0
115.00 0.00 0 0
115.00 0.00 0 0
115.00 0.00 0 0
115.00 0.00 0 0
115.00 0.00 0 0
115.00 0.00 0 0
115.00 0.00 0 0
115.00 0.00 0 0
120.00 0.00 0 0
120.00 0.00 0 0
120.00 0.00 0 0
120.00 0.00 0 0
120.00 0.00 0 0
120.00 0.00 0 0
120.00 0.00 0 0
120.00 0.00 0 0
120.00 0.00 0 0
120.00 0.00 0 0
125.00 0.00 0 0
125.00 0.00 0 0
125.00 0.00 0 0
125.00 0.00 0 0
125.00 0.00 0 0
125.00 0.00 0 0
125.00 0.00 0 0
125.00 0.00 0 0
125.00 0.00 0 0
125.00 0.00 0 0
130.00 0.00 0 0
130.00 0.00 0 0
130.00 0.00 1 0
130.00 0.00 1 0
130.00 0.00 1 0
130.00 0.00 1 0
130.00 0.00 0 0
130.00 0.00 0 0
130.00 0.00 0 0
130.00 0.00 0 0
135.00 0.00 0 0
135.00 0.00 0 0
135.00 0.00 0 0
135.00 0.00 0 0
135.00 0.00 0 0
135.00 0.00 0 0
135.00 0.00 0 0
135.00 0.00 0 0
135.00 0.00 0 0
135.00 0.00 0 0
140.00 0.00 0 0
140.00 0.00 0 0
140.00 0.00 0 0
140.00 0.00 0 0
140.00 0.00 0 0
140.00 0.00 0 0
140.00 0.00 0 0
140.00 0.00 0 0
140.00 0.00 0 0
140.00 0.00 0 0
145.00 0.00 0 0
145.00 0.00 0 0
145.00 0.00 0 0
145.00 0.00 0 0
145.00 0.00 0 0
