0.00 0.00 0 0
0.00 21.37 274 187
0.00 22.89 468 383
0.00 23.36 670 583
5.00 23.48 872 784
5.00 23.13 1070 982
5.00 23.94 1272 1187
5.00 22.19 1462 1377
5.00 23.48 1666 1578
5.00 23.83 1868 1782
5.00 23.48 2070 1983
5.00 22.89 2267 2179
5.00 23.71 2470 2382
5.00 23.01 2666 2579
10.00 23.13 2864 2777
10.00 23.48 3066 2978
10.00 23.36 3266 3178
10.00 23.36 3465 3378
10.00 23.36 3664 3578
10.00 24.06 3870 3784
10.00 23.13 4070 3982
10.00 23.36 4270 4182
10.00 24.29 4476 4390
10.00 23.36 4676 4590
15.00 22.89 4874 4786
15.00 23.01 5068 4983
15.00 22.78 5264 5178
15.00 23.24 5464 5377
15.00 23.13 5664 5575
15.00 23.59 5865 5777
15.00 23.48 6064 5978
15.00 24.06 6270 6184
15.00 23.48 6472 6385
15.00 23.01 6670 6582
20.00 23.24 6868 6781
20.00 23.01 7064 6978
20.00 22.66 7259 7172
20.00 23.24 7458 7371
20.00 22.66 7653 7565
20.00 23.01 7850 7762
20.00 23.13 8048 7960
20.00 22.19 8238 8150
20.00 22.89 8432 8346
20.00 23.01 8630 8543
25.00 22.19 8822 8733
25.00 21.96 9005 8921
25.00 21.26 9190 9103
25.00 20.44 9366 9278
25.00 23.59 9568 9480
25.00 21.72 9754 9666
25.00 21.72 186 186
25.00 23.13 384 384
25.00 22.31 576 575
25.00 20.91 754 754
30.00 22.89 948 950
30.00 22.19 1140 1140
30.00 20.67 1316 1317
30.00 21.14 1498 1498
30.00 22.66 1690 1692
30.00 21.14 1873 1873
30.00 21.37 183 183
30.00 21.49 367 367
30.00 22.54 560 560
30.00 21.14 740 741
35.00 23.13 937 939
35.00 18.34 1095 1096
35.00 19.86 1263 1266
35.00 21.37 1449 1449
35.00 19.97 1617 1620
35.00 18.34 1776 1777
35.00 19.97 171 171
35.00 18.92 333 333
35.00 19.51 499 500
35.00 19.86 671 670
40.00 18.92 833 832
40.00 16.59 975 974
40.00 17.64 1123 1125
40.00 14.25 1249 1247
40.00 12.38 1356 1364
40.00 10.40 1438 1472
40.00 15.18 129 140
40.00 14.72 257 266
40.00 15.77 394 401
40.00 16.94 542 546
45.00 13.08 630 658
45.00 9.34 691 738
45.00 4.67 739 784
45.00 0.00 739 784
45.00 0.00 739 784
45.00 0.00 739 784
45.00 0.00 0 0
45.00 0.00 0 0
45.00 0.00 0 0
45.00 0.00 0 0
50.00 0.00 0 0
50.00 0.00 0 0
50.00 0.82 3 1
50.00 0.00 3 1
50.00 0.00 3 1
50.00 0.00 3 1
50.00 0.00 0 0
50.00 0.00 0 0
50.00 0.00 0 0
50.00 0.00 0 0
55.00 0.00 0 0
55.00 0.00 0 0
55.00 0.00 1 0
55.00 0.00 1 0
55.00 0.00 1 0
55.00 0.00 1 0
55.00 0.00 0 0
55.00 0.00 0 0
55.00 0.00 0 0
55.00 0.00 0 0
60.00 0.00 0 0
60.00 0.00 0 0
60.00 0.00 0 0
60.00 0.00 0 0
60.00 0.00 0 0
60.00 0.00 0 0
60.00 0.00 0 0
60.00 0.00 0 0
60.00 0.00 0 0
60.00 0.00 0 0
65.00 0.00 0 0
65.00 0.00 0 0
65.00 0.00 1 0
65.00 0.00 1 0
65.00 0.00 1 0
65.00 0.00 1 0
65.00 0.00 0 0
65.00 0.00 0 0
65.00 0.00 0 0
65.00 0.00 0 0
70.00 0.00 0 0
70.00 0.00 0 0
70.00 0.00 0 0
70.00 0.00 0 0
70.00 0.00 0 0
70.00 0.00 0 0
70.00 0.00 0 0
70.00 0.00 0 0
70.00 0.00 0 0
70.00 0.00 0 0
75.00 0.00 0 0
75.00 0.00 0 0
75.00 0.00 0 0
75.00 0.00 0 0
75.00 0.00 0 0
75.00 0.00 0 0
75.00 0.00 0 0
75.00 0.00 0 0
75.00 0.00 0 0
75.00 0.00 0 0
80.00 0.00 0 0
80.00 0.00 0 0
80.00 0.00 0 0
80.00 0.00 0 0
80.00 0.00 0 0
80.00 0.00 0 0
80.00 0.00 0 0
80.00 0.00 0 0
80.00 0.00 0 0
80.00 0.00 0 0
85.00 0.00 0 0
85.00 0.00 0 0
85.00 0.00 1 0
85.00 0.00 1 0
85.00 0.00 1 0
85.00 0.00 1 0
85.00 0.00 0 0
85.00 0.00 0 0
85.00 0.00 0 0
85.00 0.00 0 0
90.00 0.00 0 0
90.00 0.00 0 0
90.00 0.00 0 0
90.00 0.00 0 0
90.00 0.00 0 0
90.00 0.00 0 0
90.00 0.00 0 0
90.00 0.00 0 0
90.00 0.00 0 0
90.00 0.00 0 0
95.00 0.00 0 0
95.00 0.00 0 0
95.00 0.00 0 0
95.00 0.00 0 0
95.00 0.00 0 0
95.00 0.00 0 0
95.00 0.00 0 0
95.00 0.00 0 0
95.00 0.00 0 0
95.00 0.00 0 0
100.00 0.00 0 0
100.00 0.00 0 0
100.00 0.00 0 0
100.00 0.00 0 0
100.00 0.00 0 0
100.00 0.00 0 0
100.00 0.00 0 0
100.00 0.00 0 0
100.00 0.00 0 0
100.00 0.00 0 0
105.00 0.00 0 0
105.00 0.00 0 0
105.00 0.00 0 0
105.00 0.00 0 0
105.00 0.00 0 0
105.00 0.00 0 0
105.00 0.00 0 0
105.00 0.00 0 0
105.00 0.00 0 0
105.00 0.00 0 0
110.00 0.00 0 0
110.00 0.00 0 0
110.00 0.00 0 0
110.00 0.00 0 0
110.00 0.00 0 0
110.00 0.00 0 0
110.00 0.00 0 0
110.00 0.00 0 0
110.00 0.00 0 0
110.00 0.00 0 0
115.00 0.00 0 0
115.00 0.00 0 0
115.00 0.00 0 0
115.00 0.00 0 0
115.00 0.00 0 0
115.00 0.00 0 0
115.00 0.00 0 0
115.00 0.00 0 0
115.00 0.00 0 0
115.00 0.00 0 0
120.00 0.00 0 0
120.00 0.00 0 0
120.00 0.00 0 0
120.00 0.00 0 0
120.00 0.00 0 0
120.00 0.00 0 0
120.00 0.00 0 0
120.00 0.00 0 0
120.00 0.00 0 0
120.00 0.00 0 0
125.00 0.00 0 0
125.00 0.00 0 0
125.00 0.00 1 0
125.00 0.00 1 0
125.00 0.00 1 0
125.00 0.00 1 0
125.00 0.00 0 0
125.00 0.00 0 0
125.00 0.00 0 0
125.00 0.00 0 0
130.00 0.00 0 0
130.00 0.00 0 0
130.00 0.00 0 0
130.00 0.00 0 0
130.00 0.00 0 0
130.00 0.00 0 0
130.00 0.00 0 0
130.00 0.00 0 0
130.00 0.00 0 0
130.00 0.00 0 0
135.00 0.00 0 0
135.00 0.00 0 0
135.00 0.00 0 0
135.00 0.00 0 0
135.00 0.00 0 0
135.00 0.00 0 0
135.00 0.00 0 0
135.00 0.00 0 0
135.00 0.00 0 0
135.00 0.00 0 0
140.00 0.00 0 0
140.00 0.00 0 0
140.00 0.00 0 0
140.00 0.00 0 0
140.00 0.00 0 0
140.00 0.00 0 0
140.00 0.00 0 0
140.00 0.00 0 0
140.00 0.00 0 0
140.00 0.00 0 0
145.00 0.00 0 0
145.00 0.00 0 0
145.00 0.00 0 0
145.00 0.00 0 0
145.00 0.00 0 0
