0.00 0.00 17 17
0.00 11.10 451 441
0.00 19.74 899 875
0.00 13.67 1339 1303
5.00 18.69 1801 1757
5.00 16.94 2244 2193
5.00 17.05 2690 2632
5.00 16.70 3129 3061
5.00 17.05 3575 3500
5.00 16.00 4029 3942
5.00 15.88 4468 4367
5.00 16.12 4910 4797
5.00 15.30 5361 5241
5.00 17.75 5800 5665
10.00 16.82 6239 6097
10.00 17.05 6685 6536
10.00 17.29 7139 6984
10.00 15.77 7597 7431
10.00 17.17 8046 7871
10.00 16.59 8486 8301
10.00 17.05 8932 8740
10.00 15.88 9378 9172
10.00 16.70 9829 9618
10.00 16.59 10269 10046
15.00 16.24 10718 10485
15.00 16.12 11170 10926
15.00 16.35 11604 11346
15.00 16.24 12049 11780
15.00 15.30 12483 12193
15.00 16.24 12924 12622
15.00 0.00 13290 12980
15.00 0.00 13291 12981
15.00 0.00 13292 12982
15.00 0.00 13293 12983
20.00 0.00 13294 12984
20.00 0.00 13295 12985
20.00 0.00 13296 12986
20.00 0.00 13297 12987
20.00 0.00 13298 12988
20.00 0.00 13299 12989
20.00 10.51 13306 12996
20.00 0.00 13307 12997
20.00 14.83 13734 13414
20.00 7.01 13947 13623
25.00 0.00 13948 13624
25.00 0.00 13949 13625
25.00 0.00 13950 13626
25.00 0.00 13951 13627
25.00 0.00 13952 13628
25.00 0.00 13953 13629
25.00 0.00 1 1
25.00 0.00 2 2
25.00 0.00 3 3
25.00 1.05 10 10
30.00 0.00 11 11
30.00 7.24 225 220
30.00 0.00 226 221
30.00 1.87 277 271
30.00 6.54 470 458
30.00 0.00 471 459
30.00 6.54 197 191
30.00 0.00 198 192
30.00 0.00 199 193
30.00 0.00 200 194
35.00 0.00 201 195
35.00 0.00 202 196
35.00 0.00 203 197
35.00 0.00 204 198
35.00 0.00 205 199
35.00 0.00 206 200
35.00 0.00 7 6
35.00 0.00 8 7
35.00 0.00 9 8
35.00 0.00 10 9
40.00 0.00 11 10
40.00 0.00 12 11
40.00 0.00 13 12
40.00 0.00 14 13
40.00 0.00 15 14
40.00 0.00 16 15
40.00 0.12 3 3
40.00 0.00 4 4
40.00 0.12 9 9
40.00 0.00 10 10
45.00 0.12 17 16
45.00 0.00 18 17
45.00 0.00 20 19
45.00 0.00 21 20
45.00 0.00 22 21
45.00 0.00 23 22
45.00 0.00 1 1
45.00 0.00 2 2
45.00 0.00 3 3
45.00 0.00 4 4
50.00 0.00 7 6
50.00 0.00 8 7
50.00 0.00 9 8
50.00 0.00 10 9
50.00 0.00 11 10
50.00 0.00 12 11
50.00 0.00 1 1
50.00 0.00 2 2
50.00 0.00 3 3
50.00 0.00 4 4
55.00 0.00 5 5
55.00 0.00 6 6
55.00 0.00 7 7
55.00 0.00 8 8
55.00 0.00 9 9
55.00 0.00 10 10
55.00 0.00 1 1
55.00 0.00 2 2
55.00 0.00 3 3
55.00 0.00 4 4
60.00 0.00 7 6
60.00 0.00 8 7
60.00 0.00 9 8
60.00 0.00 10 9
60.00 0.00 11 10
60.00 0.00 12 11
60.00 0.00 1 1
60.00 0.00 2 2
60.00 0.00 3 3
60.00 0.00 4 4
65.00 0.00 5 5
65.00 0.00 6 6
65.00 0.00 7 7
65.00 0.00 8 8
65.00 0.00 9 9
65.00 0.00 10 10
65.00 0.00 1 1
65.00 0.00 2 2
65.00 0.00 3 3
65.00 0.00 4 4
70.00 0.00 5 5
70.00 0.00 6 6
70.00 0.00 7 7
70.00 0.00 8 8
70.00 0.00 9 9
70.00 0.00 10 10
70.00 0.00 1 1
70.00 0.00 2 2
70.00 0.00 3 3
70.00 0.00 4 4
75.00 0.00 5 5
75.00 0.00 6 6
75.00 0.00 7 7
75.00 0.00 8 8
75.00 0.00 9 9
75.00 0.00 10 10
75.00 0.00 1 1
75.00 0.00 2 2
75.00 0.00 3 3
75.00 0.00 4 4
80.00 0.00 7 6
80.00 0.00 8 7
80.00 0.00 9 8
80.00 0.00 10 9
80.00 0.00 11 10
80.00 0.00 12 11
80.00 0.00 1 1
80.00 0.00 2 2
80.00 0.00 3 3
80.00 0.00 4 4
85.00 0.00 5 5
85.00 0.00 6 6
85.00 0.00 7 7
85.00 0.00 8 8
85.00 0.00 9 9
85.00 0.00 10 10
85.00 0.00 1 1
85.00 0.00 2 2
85.00 0.00 3 3
85.00 0.00 4 4
90.00 0.00 5 5
90.00 0.00 6 6
90.00 0.00 7 7
90.00 0.00 8 8
90.00 0.00 9 9
90.00 0.00 10 10
90.00 0.00 1 1
90.00 0.00 2 2
90.00 0.00 3 3
90.00 0.00 4 4
95.00 0.00 5 5
95.00 0.00 6 6
95.00 0.00 7 7
95.00 0.00 8 8
95.00 0.00 9 9
95.00 0.00 10 10
95.00 0.00 1 1
95.00 0.00 2 2
95.00 0.00 3 3
95.00 0.00 4 4
100.00 0.00 5 5
100.00 0.00 6 6
100.00 0.00 7 7
100.00 0.00 8 8
100.00 0.00 9 9
100.00 0.00 10 10
100.00 0.00 1 1
100.00 0.00 2 2
100.00 0.00 3 3
100.00 0.00 4 4
105.00 0.00 5 5
105.00 0.00 6 6
105.00 0.00 7 7
105.00 0.00 8 8
105.00 0.00 9 9
105.00 0.00 10 10
105.00 0.00 1 1
105.00 0.00 2 2
105.00 0.00 3 3
105.00 0.00 4 4
110.00 0.00 5 5
110.00 0.00 6 6
110.00 0.00 7 7
110.00 0.00 8 8
110.00 0.00 9 9
110.00 0.00 10 10
110.00 0.00 1 1
110.00 0.00 2 2
110.00 0.00 3 3
110.00 0.00 4 4
115.00 0.00 5 5
115.00 0.00 6 6
115.00 0.00 7 7
115.00 0.00 8 8
115.00 0.00 9 9
115.00 0.00 10 10
115.00 0.00 1 1
115.00 0.00 2 2
115.00 0.00 3 3
115.00 0.00 4 4
120.00 0.00 7 6
120.00 0.00 8 7
120.00 0.00 9 8
120.00 0.00 10 9
120.00 0.00 11 10
120.00 0.00 12 11
120.00 0.00 1 1
120.00 0.00 2 2
120.00 0.00 3 3
120.00 0.00 4 4
125.00 0.00 5 5
125.00 0.00 6 6
125.00 0.00 7 7
125.00 0.00 8 8
125.00 0.00 9 9
125.00 0.00 10 10
125.00 0.00 1 1
125.00 0.00 2 2
125.00 0.00 3 3
125.00 0.00 4 4
130.00 0.00 5 5
130.00 0.00 6 6
130.00 0.00 7 7
130.00 0.00 8 8
130.00 0.00 9 9
130.00 0.00 10 10
130.00 0.00 1 1
130.00 0.00 2 2
130.00 0.00 3 3
130.00 0.00 4 4
135.00 0.00 5 5
135.00 0.00 6 6
135.00 0.00 7 7
135.00 0.00 8 8
135.00 0.00 9 9
135.00 0.00 10 10
135.00 0.00 1 1
135.00 0.00 2 2
135.00 0.00 3 3
135.00 0.00 4 4
140.00 0.00 5 5
140.00 0.00 6 6
140.00 0.00 7 7
140.00 0.00 8 8
140.00 0.00 9 9
140.00 0.00 10 10
140.00 0.00 1 1
140.00 0.00 2 2
140.00 0.00 3 3
140.00 0.00 4 3
145.00 0.00 5 4
145.00 0.00 6 5
145.00 0.00 7 6
145.00 0.00 8 7
145.00 0.00 9 8
