0.00 0 0
0.00 347 246
0.00 592 492
0.00 843 743
5.00 1087 986
5.00 1337 1236
5.00 1584 1483
5.00 1833 1732
5.00 2083 1982
5.00 2332 2231
5.00 2582 2481
5.00 2835 2735
5.00 3083 2983
5.00 3332 3231
10.00 3580 3479
10.00 3826 3725
10.00 4069 3968
10.00 4319 4218
10.00 4568 4467
10.00 4813 4713
10.00 5062 4962
10.00 5307 5206
10.00 5556 5455
10.00 5803 5703
15.00 6053 5952
15.00 6299 6198
15.00 6544 6443
15.00 6791 6690
15.00 7036 6935
15.00 7274 7173
15.00 7517 7416
15.00 7759 7658
15.00 8003 7903
15.00 8252 8151
20.00 8496 8396
20.00 8736 8635
20.00 8985 8884
20.00 9224 9124
20.00 9470 9369
20.00 9717 9616
20.00 9959 9858
20.00 10201 10100
20.00 10445 10344
20.00 10686 10585
25.00 10925 10824
25.00 11160 11059
25.00 11391 11290
25.00 11627 11527
25.00 11858 11757
25.00 12096 11995
25.00 237 238
25.00 475 475
25.00 716 716
25.00 956 956
30.00 1195 1195
30.00 1414 1414
30.00 1638 1638
30.00 1849 1850
30.00 2074 2074
30.00 2290 2290
30.00 225 225
30.00 451 452
30.00 664 665
30.00 877 877
35.00 1096 1097
35.00 1308 1308
35.00 1516 1516
35.00 1708 1708
35.00 1896 1896
35.00 2099 2099
35.00 210 211
35.00 401 401
35.00 624 625
35.00 836 836
40.00 1043 1044
40.00 1192 1192
40.00 1355 1355
40.00 1508 1509
40.00 1662 1663
40.00 1826 1826
40.00 154 154
40.00 294 291
40.00 436 431
40.00 612 608
45.00 780 775
45.00 881 873
45.00 987 976
45.00 1080 1066
45.00 1195 1180
45.00 1295 1278
45.00 108 107
45.00 212 210
45.00 316 311
45.00 435 427
50.00 543 534
50.00 605 585
50.00 663 632
50.00 742 706
50.00 801 754
50.00 860 798
50.00 59 48
50.00 118 96
50.00 189 161
50.00 270 235
55.00 330 286
55.00 372 311
55.00 422 346
55.00 469 375
55.00 511 401
55.00 555 426
55.00 37 18
55.00 78 42
55.00 120 66
55.00 162 92
60.00 207 122
60.00 238 128
60.00 270 139
60.00 306 151
60.00 340 162
60.00 373 169
60.00 30 3
60.00 64 11
60.00 95 17
60.00 127 24
65.00 160 34
65.00 189 35
65.00 217 35
65.00 246 40
65.00 275 44
65.00 303 44
65.00 30 3
65.00 58 5
65.00 87 7
65.00 116 9
70.00 144 10
70.00 172 10
70.00 202 11
70.00 231 12
70.00 259 12
70.00 287 12
70.00 28 0
70.00 56 0
70.00 83 0
70.00 111 0
75.00 139 2
75.00 168 2
75.00 196 2
75.00 224 3
75.00 252 3
75.00 281 3
75.00 28 0
75.00 55 0
75.00 82 0
75.00 110 0
80.00 137 0
80.00 165 0
80.00 192 0
80.00 219 0
80.00 247 0
80.00 275 0
80.00 28 0
80.00 56 0
80.00 84 0
80.00 112 0
85.00 140 0
85.00 167 0
85.00 195 0
85.00 223 0
85.00 250 0
85.00 277 0
85.00 28 0
85.00 56 0
85.00 84 0
85.00 111 0
90.00 138 0
90.00 167 0
90.00 195 0
90.00 224 0
90.00 251 0
90.00 279 0
90.00 27 0
90.00 54 0
90.00 82 0
90.00 111 0
95.00 138 0
95.00 166 0
95.00 195 0
95.00 222 0
95.00 250 0
95.00 279 0
95.00 28 0
95.00 56 0
95.00 85 0
95.00 112 0
100.00 141 0
100.00 169 0
100.00 197 0
100.00 225 0
100.00 253 0
100.00 281 0
100.00 28 0
100.00 55 0
100.00 82 0
100.00 110 0
105.00 138 0
105.00 166 0
105.00 194 0
105.00 222 0
105.00 250 0
105.00 278 0
105.00 28 0
105.00 56 0
105.00 83 0
105.00 110 0
110.00 138 0
110.00 166 0
110.00 193 0
110.00 221 0
110.00 250 0
110.00 278 0
110.00 28 0
110.00 55 0
110.00 82 0
110.00 109 0
115.00 136 0
115.00 165 0
115.00 193 0
115.00 221 0
115.00 249 0
115.00 277 0
115.00 28 0
115.00 56 0
115.00 84 0
115.00 111 0
120.00 139 0
120.00 167 0
120.00 195 0
120.00 222 0
120.00 250 0
120.00 277 0
120.00 27 0
120.00 56 0
120.00 84 0
120.00 112 0
125.00 139 0
125.00 166 0
125.00 194 0
125.00 223 0
125.00 251 0
125.00 279 0
125.00 28 0
125.00 55 0
125.00 84 0
125.00 112 0
130.00 139 0
130.00 168 0
130.00 196 0
130.00 224 0
130.00 252 0
130.00 279 0
130.00 27 0
130.00 54 0
130.00 82 0
130.00 110 0
135.00 137 0
135.00 165 0
135.00 192 0
135.00 220 0
135.00 248 0
135.00 275 0
135.00 27 0
135.00 55 0
135.00 82 0
135.00 111 0
140.00 139 0
140.00 166 0
140.00 194 0
140.00 222 0
140.00 249 0
140.00 278 0
140.00 28 0
140.00 55 0
140.00 84 0
140.00 112 0
145.00 140 0
145.00 168 0
145.00 197 0
145.00 224 0
145.00 252 0
