0.00 0 0
0.00 347 246
0.00 592 492
0.00 843 743
5.00 1087 986
5.00 1337 1236
5.00 1584 1483
5.00 1833 1732
5.00 2083 1982
5.00 2332 2231
5.00 2582 2481
5.00 2835 2735
5.00 3083 2983
5.00 3332 3231
10.00 3580 3479
10.00 3826 3725
10.00 4069 3968
10.00 4319 4218
10.00 4568 4467
10.00 4813 4713
10.00 5062 4962
10.00 5307 5206
10.00 5556 5455
10.00 5803 5703
15.00 6053 5952
15.00 6299 6198
15.00 6544 6443
15.00 6791 6690
15.00 7036 6935
15.00 7274 7173
15.00 7517 7416
15.00 7759 7658
15.00 8003 7903
15.00 8252 8151
20.00 8496 8396
20.00 8736 8635
20.00 8985 8884
20.00 9224 9124
20.00 9470 9369
20.00 9717 9616
20.00 9959 9858
20.00 10201 10100
20.00 10445 10344
20.00 10686 10585
25.00 10925 10824
25.00 11160 11059
25.00 11391 11290
25.00 11627 11527
25.00 11858 11757
25.00 12096 11995
25.00 237 238
25.00 475 475
25.00 716 716
25.00 956 956
30.00 1195 1195
30.00 1414 1414
30.00 1638 1638
30.00 1849 1850
30.00 2074 2074
30.00 2290 2290
30.00 225 225
30.00 451 452
30.00 664 665
30.00 877 877
35.00 1096 1097
35.00 1308 1308
35.00 1516 1516
35.00 1708 1708
35.00 1896 1896
35.00 2099 2099
35.00 210 211
35.00 401 401
35.00 624 625
35.00 836 836
40.00 1043 1044
40.00 1192 1192
40.00 1355 1355
40.00 1508 1509
40.00 1662 1663
40.00 1823 1823
40.00 152 152
40.00 282 282
40.00 411 411
40.00 578 578
45.00 756 756
45.00 855 855
45.00 941 941
45.00 1040 1040
45.00 1132 1132
45.00 1239 1239
45.00 94 94
45.00 190 189
45.00 308 307
45.00 412 411
50.00 519 518
50.00 559 557
50.00 586 579
50.00 631 623
50.00 663 651
50.00 716 704
50.00 55 55
50.00 82 79
50.00 118 113
50.00 153 145
55.00 199 191
55.00 214 202
55.00 229 214
55.00 252 234
55.00 270 247
55.00 301 253
55.00 28 26
55.00 51 44
55.00 70 60
55.00 83 68
60.00 110 90
60.00 128 98
60.00 154 106
60.00 171 114
60.00 188 121
60.00 211 124
60.00 13 6
60.00 44 9
60.00 62 13
60.00 80 21
65.00 99 26
65.00 113 26
65.00 144 27
65.00 163 30
65.00 181 30
65.00 200 30
65.00 13 0
65.00 45 1
65.00 64 1
65.00 82 2
70.00 99 4
70.00 114 4
70.00 142 4
70.00 165 4
70.00 179 4
70.00 200 5
70.00 12 0
70.00 43 0
70.00 65 0
70.00 80 0
75.00 101 0
75.00 114 0
75.00 143 0
75.00 166 0
75.00 179 0
75.00 193 0
75.00 22 0
75.00 51 0
75.00 74 0
75.00 87 0
80.00 100 0
80.00 123 0
80.00 152 0
80.00 166 0
80.00 188 0
80.00 201 0
80.00 21 0
80.00 40 0
80.00 66 0
80.00 88 0
85.00 100 0
85.00 122 0
85.00 140 0
85.00 167 0
85.00 189 0
85.00 201 0
85.00 18 0
85.00 40 0
85.00 66 0
85.00 87 0
90.00 100 0
90.00 119 0
90.00 141 0
90.00 164 0
90.00 188 0
90.00 200 0
90.00 20 0
90.00 32 0
90.00 65 0
90.00 89 0
95.00 100 0
95.00 118 0
95.00 133 0
95.00 166 0
95.00 190 0
95.00 201 0
95.00 18 0
95.00 32 0
95.00 65 0
95.00 90 0
100.00 101 0
100.00 119 0
100.00 133 0
100.00 166 0
100.00 183 0
100.00 201 0
100.00 18 0
100.00 32 0
100.00 66 0
100.00 83 0
105.00 101 0
105.00 119 0
105.00 133 0
105.00 166 0
105.00 184 0
105.00 201 0
105.00 18 0
105.00 32 0
105.00 66 0
105.00 84 0
110.00 98 0
110.00 119 0
110.00 133 0
110.00 167 0
110.00 178 0
110.00 199 0
110.00 11 0
110.00 33 0
110.00 68 0
110.00 79 0
115.00 101 0
115.00 112 0
115.00 134 0
115.00 169 0
115.00 180 0
115.00 201 0
115.00 12 0
115.00 31 0
115.00 52 0
115.00 80 0
120.00 101 0
120.00 113 0
120.00 132 0
120.00 153 0
120.00 177 0
120.00 202 0
120.00 12 0
120.00 30 0
120.00 51 0
120.00 77 0
125.00 101 0
125.00 113 0
125.00 131 0
125.00 142 0
125.00 177 0
125.00 200 0
125.00 13 0
125.00 32 0
125.00 43 0
125.00 77 0
130.00 101 0
130.00 114 0
130.00 133 0
130.00 144 0
130.00 178 0
130.00 202 0
130.00 13 0
130.00 32 0
130.00 43 0
130.00 77 0
135.00 101 0
135.00 114 0
135.00 133 0
135.00 143 0
135.00 178 0
135.00 202 0
135.00 12 0
135.00 25 0
135.00 41 0
135.00 76 0
140.00 92 0
140.00 109 0
140.00 126 0
140.00 142 0
140.00 177 0
140.00 193 0
140.00 17 0
140.00 27 0
140.00 50 0
140.00 85 0
145.00 101 0
145.00 118 0
145.00 128 0
145.00 150 0
145.00 184 0
