4 3 8028 8028 28 8036 8060 1.01958
4 7 8028 8028 56 8036 8060 1.01958
4 15 8028 8028 28 8036 8060 1.01957
4 31 8028 8028 0 8036 8060 1.01957
4 63 8028 8028 0 8036 8060 1.01956
4 127 8028 8027 532 8036 8059 1.01946
4 255 8028 8016 1288 8036 8048 1.01809
4 511 8028 6707 1728 8036 6739 0.851897
4 1023 8028 4923 3090 8036 4955 0.625414
4 2047 8028 3200 4672 8036 3232 0.406671
4 4095 8028 1881 5976 8036 1913 0.239144
6 3 11889 4943 170950 11649 5015 0.424369
6 7 11889 6389 112815 11819 6461 0.548214
6 15 11889 7850 66527 11901 7922 0.673765
6 31 11889 8885 35434 11819 8957 0.761999
6 63 11889 9303 19634 11901 9375 0.797937
6 127 11889 9293 9681 11901 9365 0.797133
6 255 11889 8644 7326 11901 8716 0.741486
6 511 11889 7538 5670 11901 7610 0.646598
6 1023 11889 5918 6442 11900 5990 0.507785
6 2047 11889 4109 7611 11901 4181 0.352696
6 4095 11889 2548 9143 11893 2620 0.218756
7 3 13781 4462 234086 13543 4560 0.330401
7 7 13781 5732 159929 13795 5830 0.424286
7 15 13781 7385 94660 13795 7483 0.546654
7 31 13781 8686 49447 13795 8784 0.643111
7 63 13781 9168 28775 13712 9266 0.678567
7 127 13781 9267 15550 13795 9365 0.685931
7 255 13781 8799 10119 13795 8897 0.651287
7 511 13781 7808 7742 13795 7906 0.577951
7 1023 13781 6279 7931 13795 6377 0.464739
7 2047 13781 4457 9489 13792 4555 0.330018
7 4095 13781 2836 10723 13795 2934 0.210109
20 3 36035 3248 1104759 23141 3768 0.0915376
20 7 36035 3514 844682 24996 4113 0.0986719
20 15 36035 4091 669078 31831 4811 0.115444
20 31 36035 6008 385247 31885 6728 0.170152
20 63 36035 7450 225242 34008 8210 0.210542
20 127 36035 8366 129195 35979 9166 0.236827
20 255 36035 8715 74846 35986 9515 0.246716
20 511 36035 8504 49775 35973 9304 0.240775
20 1023 36035 7761 39284 36065 8561 0.219915
20 2047 36035 6525 33629 35983 7325 0.184895
20 4095 36035 4956 31679 36052 5756 0.140578
40 3 61795 2775 2408617 26026 4530 0.0447009
40 7 61795 2812 2075380 32120 4571 0.0453302
40 15 61795 3056 1570912 37739 5056 0.0494433
40 31 61795 3732 1228161 51396 6610 0.0610662
40 63 61795 5354 736883 56596 8314 0.0876551
40 127 61795 6755 418442 61061 9955 0.111093
40 255 61795 7549 240613 61574 10749 0.124335
40 511 61795 7794 144000 61635 10994 0.128565
40 1023 61795 7574 94670 61785 10774 0.124962
40 2047 61795 6881 70634 61795 10081 0.113679
40 4095 61795 5717 63461 61826 8917 0.0946595
