4 3 8028 7466 72836 8036 7498 0.948372
4 7 8028 7738 36703 8036 7770 0.982849
4 15 8028 7855 18793 8036 7887 0.997666
4 31 8028 7850 9540 8036 7882 0.997006
4 63 8028 7674 4964 8036 7706 0.974583
4 127 8028 7324 2533 8036 7356 0.930083
4 255 8028 6663 2191 8035 6695 0.846276
4 511 8028 5640 2783 8035 5672 0.716358
4 1023 8028 4315 3629 8036 4347 0.548174
4 2047 8028 2928 4967 8034 2960 0.371945
4 4095 8028 1785 6066 8030 1817 0.226962
6 3 11889 7222 168490 9943 7282 0.618449
6 7 11889 7362 115386 11900 7434 0.631591
6 15 11889 7634 58198 11901 7706 0.654852
6 31 11889 7726 30964 11899 7798 0.662891
6 63 11889 7694 17702 11899 7766 0.659987
6 127 11889 7471 10222 11898 7543 0.640857
6 255 11889 7023 7286 11898 7095 0.602443
6 511 11889 6219 6921 11897 6291 0.53364
6 1023 11889 5049 7121 11894 5121 0.43328
6 2047 11889 3660 8094 11897 3732 0.314153
6 4095 11889 2372 9242 11884 2444 0.203707
7 3 13781 6897 276075 13711 6996 0.510851
7 7 13781 7228 159782 13711 7320 0.53553
7 15 13781 7525 83141 13626 7621 0.556906
7 31 13781 7708 41621 13794 7806 0.570485
7 63 13781 7693 23108 13709 7792 0.569361
7 127 13781 7511 14457 13794 7609 0.555931
7 255 13781 7106 10828 13792 7204 0.525913
7 511 13781 6394 8935 13794 6492 0.473346
7 1023 13781 5302 8973 13787 5400 0.392519
7 2047 13781 3954 9728 13783 4052 0.292883
7 4095 13781 2611 10960 13778 2709 0.193605
20 3 36035 6278 1359118 24486 7024 0.176265
20 7 36035 6442 1017408 29923 7182 0.181684
20 15 36035 6788 535134 30518 7520 0.191629
20 31 36035 7011 335381 35867 7770 0.198636
20 63 36035 7213 182442 35681 8011 0.204108
20 127 36035 7248 101686 35845 8070 0.205252
20 255 36035 7147 63332 36023 7925 0.202394
20 511 36035 6873 42835 36019 7673 0.194734
20 1023 36035 6323 37339 36009 7123 0.179141
20 2047 36035 5450 34016 35990 6250 0.154465
20 4095 36035 4290 31721 35948 5090 0.121681
40 3 61795 5083 5259727 44813 7623 0.0834984
40 7 61795 5347 3387893 46142 8239 0.0867753
40 15 61795 5860 1823560 50895 8491 0.0957718
40 31 61795 6150 1035895 58095 9014 0.100629
40 63 61795 6400 562219 60896 9522 0.105394
40 127 61795 6535 305249 61176 9723 0.107649
40 255 61795 6552 177714 61163 9718 0.107971
40 511 61795 6425 117946 61228 9654 0.10586
40 1023 61795 6125 81916 61467 9331 0.101091
40 2047 61795 5590 68951 61423 8804 0.0924363
40 4095 61795 4777 59523 61483 7977 0.0791649
