0.00 0.00
0.00 0.82
0.00 2.69
0.00 12.85
5.00 28.85
5.00 28.85
5.00 28.62
5.00 28.97
5.00 28.97
5.00 29.20
5.00 29.32
5.00 28.97
5.00 29.08
5.00 29.43
10.00 29.08
10.00 29.08
10.00 28.85
10.00 28.97
10.00 28.50
10.00 29.32
10.00 28.97
10.00 28.85
10.00 28.85
10.00 28.73
15.00 28.50
15.00 28.73
15.00 29.20
15.00 28.85
15.00 28.85
15.00 28.73
15.00 29.20
15.00 28.62
15.00 28.85
15.00 28.38
20.00 28.27
20.00 27.68
20.00 28.38
20.00 28.62
20.00 29.20
20.00 28.50
20.00 28.38
20.00 28.62
20.00 28.15
20.00 28.50
25.00 28.85
25.00 27.33
25.00 26.75
25.00 28.15
25.00 27.33
25.00 27.68
25.00 27.56
25.00 27.92
25.00 28.27
25.00 28.15
30.00 28.03
30.00 25.70
30.00 26.86
30.00 25.81
30.00 25.58
30.00 25.70
30.00 25.11
30.00 26.16
30.00 24.76
30.00 26.86
35.00 25.00
35.00 24.76
35.00 24.41
35.00 25.23
35.00 24.64
35.00 24.53
35.00 22.19
35.00 23.71
35.00 24.06
35.00 23.94
40.00 23.71
40.00 20.21
40.00 21.26
40.00 22.08
40.00 19.74
40.00 19.97
40.00 20.21
40.00 19.74
40.00 21.02
40.00 20.56
45.00 18.57
45.00 17.75
45.00 19.51
45.00 20.91
45.00 19.27
45.00 18.10
45.00 19.74
45.00 18.92
45.00 19.39
45.00 17.87
50.00 19.97
50.00 18.92
50.00 20.09
50.00 18.92
50.00 18.57
50.00 20.09
50.00 20.09
50.00 18.10
50.00 18.80
50.00 19.97
55.00 19.27
55.00 15.88
55.00 18.22
55.00 15.53
55.00 16.70
55.00 17.40
55.00 17.52
55.00 19.16
55.00 16.24
55.00 17.64
60.00 17.75
60.00 15.07
60.00 14.72
60.00 15.53
60.00 15.65
60.00 16.70
60.00 15.53
60.00 15.88
60.00 14.95
60.00 15.42
65.00 14.95
65.00 13.20
65.00 13.55
65.00 14.13
65.00 13.20
65.00 13.67
65.00 13.67
65.00 13.08
65.00 13.55
65.00 12.96
70.00 13.78
70.00 12.26
70.00 11.56
70.00 11.56
70.00 12.73
70.00 12.73
70.00 12.03
70.00 11.45
70.00 12.73
70.00 11.68
75.00 12.38
75.00 10.98
75.00 12.15
75.00 11.21
75.00 12.85
75.00 11.56
75.00 11.68
75.00 11.68
75.00 11.21
75.00 11.33
80.00 11.33
80.00 10.98
80.00 12.73
80.00 10.40
80.00 12.15
80.00 11.33
80.00 11.10
80.00 11.56
80.00 11.10
80.00 12.50
85.00 12.15
85.00 10.75
85.00 10.86
85.00 10.28
85.00 10.51
85.00 10.04
85.00 11.21
85.00 10.04
85.00 11.10
85.00 12.26
90.00 12.26
90.00 10.40
90.00 9.23
90.00 9.93
90.00 9.34
90.00 10.16
90.00 9.11
90.00 10.86
90.00 9.23
90.00 10.63
95.00 9.46
95.00 8.76
95.00 8.64
95.00 8.06
95.00 9.23
95.00 8.53
95.00 9.11
95.00 9.11
95.00 8.88
95.00 8.88
100.00 7.83
100.00 7.94
100.00 7.48
100.00 8.29
100.00 7.71
100.00 8.06
100.00 7.36
100.00 7.48
100.00 7.59
100.00 6.31
105.00 7.36
105.00 5.72
105.00 7.01
105.00 5.84
105.00 7.48
105.00 6.66
105.00 8.64
105.00 6.66
105.00 6.66
105.00 6.54
110.00 7.48
110.00 5.49
110.00 5.26
110.00 6.31
110.00 5.61
110.00 6.66
110.00 5.37
110.00 5.37
110.00 6.31
110.00 5.26
115.00 5.96
115.00 4.56
115.00 3.15
115.00 2.57
115.00 2.57
115.00 3.74
115.00 2.92
115.00 1.52
115.00 1.75
115.00 1.75
120.00 1.75
120.00 3.50
120.00 1.75
120.00 1.87
120.00 2.69
120.00 1.87
120.00 3.50
120.00 2.10
120.00 1.64
120.00 1.75
125.00 1.75
125.00 1.87
125.00 1.64
125.00 1.75
125.00 1.75
125.00 1.64
125.00 1.75
125.00 1.64
125.00 1.87
125.00 1.75
130.00 1.75
130.00 1.75
130.00 1.75
130.00 1.64
130.00 1.87
130.00 1.64
130.00 1.75
130.00 1.64
130.00 1.52
130.00 1.64
135.00 1.64
135.00 1.64
135.00 1.64
135.00 1.64
135.00 1.64
135.00 0.82
135.00 1.40
135.00 1.52
135.00 1.52
135.00 1.40
140.00 1.64
140.00 0.70
140.00 0.93
140.00 1.52
140.00 1.52
140.00 1.52
140.00 0.70
140.00 0.93
140.00 0.82
140.00 0.70
145.00 1.40
145.00 0.93
145.00 1.05
145.00 1.52
145.00 1.64
