0.00 0.00
0.00 5.02
0.00 5.26
0.00 5.26
5.00 5.26
5.00 5.14
5.00 5.26
5.00 5.26
5.00 5.14
5.00 5.26
5.00 5.26
5.00 5.14
5.00 5.26
5.00 5.26
10.00 5.14
10.00 5.26
10.00 5.26
10.00 5.14
10.00 5.26
10.00 5.14
10.00 5.26
10.00 5.26
10.00 5.14
10.00 5.26
15.00 5.14
15.00 5.26
15.00 5.26
15.00 5.14
15.00 5.26
15.00 5.26
15.00 5.14
15.00 5.26
15.00 5.26
15.00 5.14
20.00 5.26
20.00 5.26
20.00 5.26
20.00 5.14
20.00 5.26
20.00 5.26
20.00 5.14
20.00 5.26
20.00 5.26
20.00 5.14
25.00 5.26
25.00 5.14
25.00 5.26
25.00 5.26
25.00 5.14
25.00 5.26
25.00 5.26
25.00 5.26
25.00 5.14
25.00 5.26
30.00 5.26
30.00 5.14
30.00 5.26
30.00 5.26
30.00 5.14
30.00 5.26
30.00 5.26
30.00 5.26
30.00 5.26
30.00 5.14
35.00 5.26
35.00 5.14
35.00 5.26
35.00 5.26
35.00 5.14
35.00 5.26
35.00 5.26
35.00 5.14
35.00 5.26
35.00 5.26
40.00 5.14
40.00 5.26
40.00 5.14
40.00 5.26
40.00 5.26
40.00 5.14
40.00 5.26
40.00 5.26
40.00 5.14
40.00 5.26
45.00 5.26
45.00 5.14
45.00 5.26
45.00 5.26
45.00 5.14
45.00 5.26
45.00 5.26
45.00 5.14
45.00 5.26
45.00 5.26
50.00 5.26
50.00 5.14
50.00 5.26
50.00 5.26
50.00 5.14
50.00 5.26
50.00 5.14
50.00 5.26
50.00 5.26
50.00 5.14
55.00 5.26
55.00 5.26
55.00 5.14
55.00 5.26
55.00 5.14
55.00 5.26
55.00 5.26
55.00 5.14
55.00 5.26
55.00 5.14
60.00 5.26
60.00 5.26
60.00 5.14
60.00 5.26
60.00 5.26
60.00 5.14
60.00 5.26
60.00 5.26
60.00 5.14
60.00 5.26
65.00 5.26
65.00 5.26
65.00 5.14
65.00 5.26
65.00 5.26
65.00 5.14
65.00 5.26
65.00 5.26
65.00 5.14
65.00 5.26
70.00 5.14
70.00 5.26
70.00 5.26
70.00 5.14
70.00 5.26
70.00 5.26
70.00 5.26
70.00 5.14
70.00 5.26
70.00 5.26
75.00 5.14
75.00 5.26
75.00 5.26
75.00 5.26
75.00 5.14
75.00 5.26
75.00 5.14
75.00 5.26
75.00 5.26
75.00 5.26
80.00 5.14
80.00 5.26
80.00 5.26
80.00 5.14
80.00 5.26
80.00 5.14
80.00 5.26
80.00 5.26
80.00 5.26
80.00 5.14
85.00 5.26
85.00 5.14
85.00 5.26
85.00 5.14
85.00 5.26
85.00 5.02
85.00 5.26
85.00 5.26
85.00 5.14
85.00 5.26
90.00 5.26
90.00 5.14
90.00 5.02
90.00 5.14
90.00 5.26
90.00 5.02
90.00 5.26
90.00 5.02
90.00 5.26
90.00 5.26
95.00 5.14
95.00 5.14
95.00 5.14
95.00 5.14
95.00 5.14
95.00 5.02
95.00 5.26
95.00 5.14
95.00 5.14
95.00 5.26
100.00 5.14
100.00 5.26
100.00 5.26
100.00 5.02
100.00 5.14
100.00 5.02
100.00 5.14
100.00 5.14
100.00 5.26
100.00 4.91
105.00 5.26
105.00 5.26
105.00 5.02
105.00 5.14
105.00 5.02
105.00 5.02
105.00 5.26
105.00 4.91
105.00 5.14
105.00 5.14
110.00 4.91
110.00 5.14
110.00 4.79
110.00 5.14
110.00 4.67
110.00 4.67
110.00 4.79
110.00 4.32
110.00 5.02
110.00 5.14
115.00 5.02
115.00 5.02
115.00 4.67
115.00 4.79
115.00 5.02
115.00 4.79
115.00 4.79
115.00 4.67
115.00 5.02
115.00 4.79
120.00 5.02
120.00 5.02
120.00 4.44
120.00 4.44
120.00 4.79
120.00 4.56
120.00 3.85
120.00 4.44
120.00 4.79
120.00 4.44
125.00 4.56
125.00 4.44
125.00 3.97
125.00 4.44
125.00 3.97
125.00 4.20
125.00 3.85
125.00 3.74
125.00 4.79
125.00 4.32
130.00 4.32
130.00 3.97
130.00 3.27
130.00 4.20
130.00 3.74
130.00 3.62
130.00 3.50
130.00 3.74
130.00 4.09
130.00 3.97
135.00 4.09
135.00 3.39
135.00 2.80
135.00 4.32
135.00 3.85
135.00 3.74
135.00 3.50
135.00 3.97
135.00 3.50
135.00 3.85
140.00 3.62
140.00 3.04
140.00 3.04
140.00 2.45
140.00 2.92
140.00 2.45
140.00 2.92
140.00 3.39
140.00 3.15
140.00 3.15
145.00 2.57
145.00 3.15
145.00 2.80
145.00 2.22
145.00 3.27
