0.00 0.00
0.00 5.14
0.00 0.00
0.00 0.00
5.00 0.00
5.00 0.00
5.00 0.00
5.00 0.00
5.00 0.00
5.00 0.00
5.00 0.00
5.00 0.00
5.00 2.10
5.00 0.00
10.00 0.00
10.00 0.00
10.00 0.00
10.00 0.00
10.00 0.00
10.00 0.00
10.00 0.00
10.00 0.00
10.00 1.40
10.00 0.00
15.00 0.00
15.00 0.00
15.00 0.00
15.00 0.00
15.00 0.00
15.00 0.00
15.00 0.00
15.00 0.00
15.00 2.92
15.00 0.00
20.00 1.40
20.00 8.76
20.00 0.82
20.00 0.00
20.00 0.00
20.00 0.00
20.00 0.00
20.00 0.00
20.00 0.00
20.00 0.00
25.00 0.00
25.00 10.51
25.00 0.00
25.00 1.52
25.00 1.99
25.00 0.00
25.00 0.00
25.00 0.00
25.00 0.00
25.00 0.00
30.00 0.00
30.00 0.00
30.00 0.00
30.00 0.00
30.00 1.40
30.00 0.00
30.00 1.87
30.00 0.00
30.00 0.00
30.00 0.00
35.00 0.00
35.00 0.00
35.00 0.00
35.00 0.00
35.00 0.00
35.00 0.00
35.00 0.00
35.00 1.28
35.00 0.00
35.00 0.00
40.00 0.00
40.00 0.00
40.00 0.00
40.00 0.00
40.00 0.00
40.00 0.00
40.00 0.00
40.00 0.23
40.00 0.00
40.00 0.00
45.00 0.00
45.00 0.00
45.00 0.00
45.00 0.00
45.00 0.00
45.00 0.00
45.00 0.00
45.00 0.00
45.00 0.00
45.00 0.00
50.00 0.00
50.00 0.00
50.00 0.00
50.00 0.00
50.00 0.00
50.00 0.00
50.00 0.00
50.00 0.00
50.00 0.00
50.00 0.00
55.00 0.00
55.00 0.00
55.00 0.00
55.00 0.00
55.00 0.00
55.00 0.00
55.00 0.00
55.00 0.12
55.00 0.00
55.00 0.23
60.00 0.00
60.00 0.00
60.00 0.00
60.00 0.00
60.00 0.00
60.00 0.00
60.00 0.00
60.00 0.00
60.00 0.00
60.00 0.00
65.00 0.00
65.00 0.00
65.00 0.00
65.00 0.00
65.00 0.00
65.00 0.00
65.00 0.00
65.00 0.00
65.00 0.00
65.00 0.00
70.00 0.00
70.00 0.00
70.00 0.00
70.00 0.00
70.00 0.00
70.00 0.00
70.00 0.00
70.00 0.00
70.00 0.00
70.00 0.47
75.00 0.00
75.00 0.00
75.00 0.00
75.00 0.00
75.00 0.00
75.00 0.00
75.00 0.00
75.00 0.00
75.00 0.00
75.00 0.00
80.00 0.00
80.00 0.35
80.00 0.00
80.00 0.12
80.00 0.00
80.00 0.00
80.00 0.00
80.00 0.00
80.00 0.00
80.00 0.00
85.00 0.00
85.00 0.00
85.00 0.00
85.00 0.00
85.00 0.00
85.00 0.00
85.00 0.00
85.00 0.00
85.00 0.00
85.00 0.00
90.00 0.00
90.00 0.00
90.00 0.00
90.00 0.00
90.00 0.00
90.00 0.00
90.00 0.00
90.00 0.00
90.00 0.00
90.00 0.00
95.00 0.00
95.00 0.00
95.00 0.00
95.00 0.00
95.00 0.00
95.00 0.35
95.00 0.00
95.00 0.00
95.00 0.00
95.00 0.00
100.00 0.00
100.00 0.00
100.00 0.00
100.00 0.00
100.00 0.00
100.00 0.00
100.00 0.00
100.00 0.23
100.00 0.00
100.00 0.00
105.00 0.00
105.00 0.00
105.00 0.00
105.00 0.00
105.00 0.00
105.00 0.00
105.00 0.00
105.00 0.12
105.00 0.00
105.00 0.12
110.00 0.00
110.00 0.23
110.00 0.00
110.00 0.00
110.00 0.00
110.00 0.00
110.00 0.00
110.00 0.00
110.00 0.00
110.00 0.00
115.00 0.00
115.00 0.00
115.00 0.00
115.00 0.00
115.00 0.00
115.00 0.00
115.00 0.00
115.00 0.00
115.00 0.00
115.00 0.00
120.00 0.00
120.00 0.00
120.00 0.00
120.00 0.00
120.00 0.00
120.00 0.00
120.00 0.00
120.00 0.00
120.00 0.00
120.00 0.00
125.00 0.00
125.00 0.00
125.00 0.35
125.00 0.00
125.00 0.00
125.00 0.00
125.00 0.00
125.00 0.00
125.00 0.00
125.00 0.00
130.00 0.00
130.00 0.00
130.00 0.12
130.00 0.00
130.00 0.00
130.00 0.00
130.00 0.00
130.00 0.00
130.00 0.00
130.00 0.00
135.00 0.00
135.00 0.00
135.00 0.00
135.00 0.00
135.00 0.12
135.00 0.00
135.00 0.12
135.00 0.00
135.00 0.00
135.00 0.00
140.00 0.00
140.00 0.00
140.00 0.00
140.00 0.00
140.00 0.00
140.00 0.00
140.00 0.00
140.00 0.00
140.00 0.47
140.00 0.00
145.00 0.00
145.00 0.00
145.00 0.00
145.00 0.00
145.00 0.00
