0.00 0.00
0.00 0.82
0.00 1.75
0.00 4.91
5.00 14.13
5.00 22.31
5.00 23.36
5.00 23.94
5.00 23.83
5.00 23.48
5.00 23.24
5.00 23.59
5.00 23.48
5.00 23.36
10.00 23.83
10.00 23.71
10.00 23.71
10.00 23.36
10.00 23.83
10.00 23.71
10.00 22.78
10.00 22.54
10.00 23.36
10.00 22.43
15.00 23.24
15.00 24.29
15.00 23.01
15.00 23.13
15.00 23.13
15.00 23.71
15.00 23.71
15.00 23.13
15.00 22.66
15.00 23.71
20.00 24.06
20.00 23.24
20.00 22.31
20.00 23.24
20.00 21.72
20.00 23.13
20.00 23.13
20.00 22.54
20.00 23.48
20.00 23.36
25.00 22.31
25.00 22.43
25.00 23.24
25.00 21.37
25.00 22.54
25.00 20.79
25.00 21.37
25.00 22.31
25.00 22.89
25.00 21.49
30.00 23.24
30.00 20.09
30.00 20.44
30.00 19.62
30.00 21.26
30.00 21.49
30.00 22.19
30.00 22.31
30.00 19.62
30.00 21.37
35.00 20.91
35.00 20.09
35.00 20.09
35.00 20.67
35.00 20.32
35.00 19.04
35.00 19.39
35.00 21.72
35.00 17.75
35.00 19.27
40.00 21.02
40.00 16.24
40.00 17.75
40.00 17.17
40.00 17.64
40.00 17.64
40.00 17.75
40.00 18.22
40.00 16.70
40.00 17.87
45.00 17.29
45.00 14.72
45.00 15.18
45.00 14.72
45.00 15.07
45.00 15.53
45.00 17.17
45.00 17.52
45.00 15.77
45.00 5.26
50.00 20.09
50.00 14.48
50.00 14.25
50.00 15.42
50.00 14.95
50.00 14.95
50.00 16.24
50.00 14.60
50.00 15.77
50.00 15.42
55.00 16.59
55.00 13.55
55.00 14.72
55.00 14.25
55.00 15.07
55.00 14.37
55.00 12.50
55.00 14.72
55.00 13.90
55.00 15.88
60.00 15.18
60.00 12.96
60.00 13.08
60.00 12.61
60.00 13.08
60.00 12.96
60.00 13.90
60.00 11.56
60.00 13.08
60.00 12.85
65.00 11.56
65.00 12.38
65.00 12.38
65.00 12.03
65.00 11.80
65.00 11.45
65.00 11.56
65.00 12.15
65.00 13.20
65.00 10.86
70.00 11.45
70.00 10.04
70.00 10.16
70.00 11.21
70.00 9.69
70.00 10.75
70.00 11.21
70.00 10.40
70.00 11.10
70.00 10.63
75.00 11.21
75.00 9.11
75.00 9.46
75.00 10.04
75.00 9.69
75.00 10.16
75.00 9.69
75.00 10.16
75.00 10.04
75.00 9.34
80.00 9.81
80.00 9.69
80.00 9.69
80.00 9.69
80.00 10.28
80.00 9.23
80.00 10.04
80.00 10.04
80.00 7.94
80.00 11.10
85.00 10.98
85.00 8.76
85.00 9.23
85.00 9.81
85.00 10.51
85.00 9.23
85.00 8.88
85.00 10.16
85.00 9.69
85.00 10.86
90.00 9.93
90.00 9.81
90.00 10.16
90.00 9.11
90.00 8.18
90.00 9.23
90.00 7.71
90.00 8.88
90.00 8.53
90.00 8.53
95.00 8.76
95.00 7.12
95.00 8.41
95.00 8.29
95.00 7.59
95.00 7.01
95.00 0.00
95.00 10.40
95.00 6.66
95.00 8.18
100.00 8.29
100.00 6.89
100.00 7.36
100.00 7.01
100.00 7.48
100.00 5.37
100.00 6.66
100.00 7.24
100.00 6.31
100.00 5.96
105.00 7.12
105.00 6.66
105.00 5.96
105.00 4.67
105.00 5.37
105.00 5.37
105.00 5.72
105.00 6.31
105.00 4.44
105.00 5.96
110.00 6.89
110.00 5.96
110.00 6.19
110.00 4.91
110.00 5.84
110.00 5.14
110.00 4.32
110.00 4.44
110.00 5.84
110.00 4.91
115.00 5.02
115.00 5.14
115.00 3.85
115.00 3.74
115.00 2.57
115.00 2.45
115.00 1.40
115.00 1.64
115.00 0.70
115.00 1.28
120.00 2.80
120.00 2.10
120.00 1.87
120.00 1.40
120.00 1.52
120.00 1.75
120.00 2.80
120.00 1.40
120.00 1.75
120.00 1.52
125.00 1.40
125.00 1.75
125.00 1.64
125.00 1.64
125.00 1.64
125.00 1.75
125.00 1.52
125.00 1.64
125.00 1.87
125.00 1.52
130.00 1.52
130.00 1.40
130.00 1.64
130.00 1.40
130.00 1.64
130.00 1.40
130.00 1.64
130.00 1.52
130.00 1.40
130.00 1.52
135.00 1.64
135.00 1.28
135.00 0.47
135.00 0.00
135.00 0.00
135.00 0.00
135.00 7.83
135.00 1.52
135.00 1.05
135.00 1.52
140.00 1.40
140.00 1.52
140.00 0.82
140.00 0.58
140.00 1.40
140.00 1.40
140.00 1.64
140.00 1.05
140.00 0.93
140.00 1.17
145.00 0.70
145.00 0.93
145.00 1.28
145.00 1.40
145.00 1.28
