0.00 0.00
0.00 21.02
0.00 22.66
0.00 23.13
5.00 23.01
5.00 23.36
5.00 22.89
5.00 24.06
5.00 24.41
5.00 23.83
5.00 23.24
5.00 24.29
5.00 23.94
5.00 23.36
10.00 22.66
10.00 23.24
10.00 23.36
10.00 22.78
10.00 23.83
10.00 23.13
10.00 23.71
10.00 22.78
10.00 22.78
10.00 23.71
15.00 22.54
15.00 22.66
15.00 22.89
15.00 23.48
15.00 23.71
15.00 23.48
15.00 22.66
15.00 23.48
15.00 23.13
15.00 22.54
20.00 23.24
20.00 22.66
20.00 23.48
20.00 23.01
20.00 22.54
20.00 23.24
20.00 23.59
20.00 23.24
20.00 22.08
20.00 23.36
25.00 22.43
25.00 22.31
25.00 21.37
25.00 21.26
25.00 22.08
25.00 22.31
25.00 21.49
25.00 21.49
25.00 22.43
25.00 21.49
30.00 22.54
30.00 21.49
30.00 21.14
30.00 21.61
30.00 21.14
30.00 20.09
30.00 20.56
30.00 21.49
30.00 22.19
30.00 21.49
35.00 21.61
35.00 19.86
35.00 18.80
35.00 21.37
35.00 20.09
35.00 19.74
35.00 21.72
35.00 18.80
35.00 19.62
35.00 20.09
40.00 19.04
40.00 16.94
40.00 8.06
40.00 12.15
40.00 9.34
40.00 18.45
40.00 16.24
40.00 16.47
40.00 12.96
40.00 15.07
45.00 14.60
45.00 11.33
45.00 10.04
45.00 7.01
45.00 6.54
45.00 8.53
45.00 7.36
45.00 1.17
45.00 0.00
45.00 1.28
50.00 0.00
50.00 2.57
50.00 2.57
50.00 0.00
50.00 1.28
50.00 5.26
50.00 1.40
50.00 0.00
50.00 0.00
50.00 0.00
55.00 0.00
55.00 0.00
55.00 0.00
55.00 0.00
55.00 0.00
55.00 0.00
55.00 0.35
55.00 0.00
55.00 0.93
55.00 0.00
60.00 0.00
60.00 0.00
60.00 0.00
60.00 0.00
60.00 0.00
60.00 0.00
60.00 0.00
60.00 0.00
60.00 0.47
60.00 0.00
65.00 1.05
65.00 0.00
65.00 1.75
65.00 6.42
65.00 4.20
65.00 4.79
65.00 0.00
65.00 2.10
65.00 2.34
65.00 0.00
70.00 3.15
70.00 1.52
70.00 0.00
70.00 2.57
70.00 5.96
70.00 6.07
70.00 3.97
70.00 0.35
70.00 0.00
70.00 5.37
75.00 5.84
75.00 3.27
75.00 0.93
75.00 0.00
75.00 0.00
75.00 0.00
75.00 0.00
75.00 0.00
75.00 0.00
75.00 0.00
80.00 0.00
80.00 0.00
80.00 0.35
80.00 0.00
80.00 0.00
80.00 0.00
80.00 0.00
80.00 0.00
80.00 0.00
80.00 0.00
85.00 0.00
85.00 0.00
85.00 0.00
85.00 0.00
85.00 0.00
85.00 0.00
85.00 0.00
85.00 0.00
85.00 0.00
85.00 0.00
90.00 0.00
90.00 0.00
90.00 2.10
90.00 2.10
90.00 0.12
90.00 0.00
90.00 1.87
90.00 0.00
90.00 0.00
90.00 0.00
95.00 0.00
95.00 0.00
95.00 0.00
95.00 0.00
95.00 0.00
95.00 0.00
95.00 0.00
95.00 0.00
95.00 0.35
95.00 0.00
100.00 0.23
100.00 2.34
100.00 0.47
100.00 0.00
100.00 0.00
100.00 0.00
100.00 0.00
100.00 0.00
100.00 0.00
100.00 0.00
105.00 0.00
105.00 0.00
105.00 1.17
105.00 0.00
105.00 0.00
105.00 0.00
105.00 0.00
105.00 0.00
105.00 0.00
105.00 0.00
110.00 0.00
110.00 0.00
110.00 0.12
110.00 0.00
110.00 0.35
110.00 0.00
110.00 0.70
110.00 0.47
110.00 0.00
110.00 0.00
115.00 0.00
115.00 0.00
115.00 0.00
115.00 0.00
115.00 0.00
115.00 0.00
115.00 0.00
115.00 0.12
115.00 0.00
115.00 1.64
120.00 0.00
120.00 0.00
120.00 0.00
120.00 0.00
120.00 0.00
120.00 0.00
120.00 0.00
120.00 0.00
120.00 0.00
120.00 0.00
125.00 0.82
125.00 0.00
125.00 0.00
125.00 0.00
125.00 0.00
125.00 0.00
125.00 0.00
125.00 0.00
125.00 0.00
125.00 0.00
130.00 0.12
130.00 0.00
130.00 1.05
130.00 0.00
130.00 0.00
130.00 0.00
130.00 0.00
130.00 0.00
130.00 0.00
130.00 0.00
135.00 0.00
135.00 0.00
135.00 0.00
135.00 0.58
135.00 0.00
135.00 0.58
135.00 0.82
135.00 0.00
135.00 0.58
135.00 0.00
140.00 0.00
140.00 0.00
140.00 0.00
140.00 0.00
140.00 0.00
140.00 0.00
140.00 0.00
140.00 0.00
140.00 0.35
140.00 0.12
145.00 0.00
145.00 0.00
145.00 0.00
145.00 0.00
145.00 0.00
