0.00 0.00
0.00 7.12
0.00 21.26
0.00 23.36
5.00 23.48
5.00 23.48
5.00 22.19
5.00 20.09
5.00 23.01
5.00 24.29
5.00 23.24
5.00 23.36
5.00 23.59
5.00 22.66
10.00 22.66
10.00 22.78
10.00 23.59
10.00 22.89
10.00 22.43
10.00 23.01
10.00 10.75
10.00 23.36
10.00 20.79
10.00 23.36
15.00 23.36
15.00 23.13
15.00 22.66
15.00 23.24
15.00 11.56
15.00 23.36
15.00 21.61
15.00 23.36
15.00 23.71
15.00 23.01
20.00 22.89
20.00 21.96
20.00 23.01
20.00 22.19
20.00 21.96
20.00 22.78
20.00 23.48
20.00 11.10
20.00 22.78
20.00 20.56
25.00 21.61
25.00 21.37
25.00 22.54
25.00 21.37
25.00 21.14
25.00 9.93
25.00 21.61
25.00 23.13
25.00 22.89
25.00 22.89
30.00 21.61
30.00 19.97
30.00 20.32
30.00 18.69
30.00 21.96
30.00 21.96
30.00 18.69
30.00 21.14
30.00 15.18
30.00 20.21
35.00 20.91
35.00 18.69
35.00 19.27
35.00 19.39
35.00 19.97
35.00 18.80
35.00 10.86
35.00 14.60
35.00 21.84
35.00 21.26
40.00 19.97
40.00 16.94
40.00 15.65
40.00 14.48
40.00 16.59
40.00 17.17
40.00 17.17
40.00 13.55
40.00 15.65
40.00 17.17
45.00 14.02
45.00 8.88
45.00 11.68
45.00 15.30
45.00 12.26
45.00 13.20
45.00 15.18
45.00 15.77
45.00 16.59
45.00 13.32
50.00 14.60
50.00 11.45
50.00 13.08
50.00 15.53
50.00 13.43
50.00 16.24
50.00 15.88
50.00 17.52
50.00 14.95
50.00 15.07
55.00 15.18
55.00 12.26
55.00 11.68
55.00 12.96
55.00 12.26
55.00 14.60
55.00 12.50
55.00 13.55
55.00 13.67
55.00 14.72
60.00 12.73
60.00 10.28
60.00 11.68
60.00 10.51
60.00 12.15
60.00 10.98
60.00 11.80
60.00 10.86
60.00 10.86
60.00 10.63
65.00 11.56
65.00 7.71
65.00 9.34
65.00 7.24
65.00 8.64
65.00 7.83
65.00 8.76
65.00 8.99
65.00 8.06
65.00 7.94
70.00 8.76
70.00 8.76
70.00 6.07
70.00 10.04
70.00 7.24
70.00 5.14
70.00 6.31
70.00 8.88
70.00 9.69
70.00 8.29
75.00 6.54
75.00 4.32
75.00 5.37
75.00 8.41
75.00 4.44
75.00 3.85
75.00 9.69
75.00 4.91
75.00 4.32
75.00 9.81
80.00 4.67
80.00 5.84
80.00 7.59
80.00 7.24
80.00 9.81
80.00 9.23
80.00 8.88
80.00 9.34
80.00 8.53
80.00 6.19
85.00 6.19
85.00 6.07
85.00 7.83
85.00 8.29
85.00 4.32
85.00 6.07
85.00 8.88
85.00 9.23
85.00 9.46
85.00 8.41
90.00 8.41
90.00 7.83
90.00 7.01
90.00 8.41
90.00 8.41
90.00 7.24
90.00 7.24
90.00 8.99
90.00 8.29
90.00 8.64
95.00 7.71
95.00 7.83
95.00 7.24
95.00 6.66
95.00 7.24
95.00 6.54
95.00 7.59
95.00 7.48
95.00 7.83
95.00 8.06
100.00 5.96
100.00 6.54
100.00 4.67
100.00 7.01
100.00 6.89
100.00 6.31
100.00 5.84
100.00 6.31
100.00 6.07
100.00 6.66
105.00 6.54
105.00 5.26
105.00 6.07
105.00 5.72
105.00 5.14
105.00 5.14
105.00 5.72
105.00 5.72
105.00 4.32
105.00 3.97
110.00 4.20
110.00 5.02
110.00 3.62
110.00 4.79
110.00 4.20
110.00 4.44
110.00 4.91
110.00 4.20
110.00 5.37
110.00 4.67
115.00 5.84
115.00 2.45
115.00 4.20
115.00 4.44
115.00 3.39
115.00 4.44
115.00 4.20
115.00 3.04
115.00 2.57
115.00 3.15
120.00 2.69
120.00 4.09
120.00 4.44
120.00 3.27
120.00 4.44
120.00 3.39
120.00 3.04
120.00 3.27
120.00 3.15
120.00 1.52
125.00 1.75
125.00 2.34
125.00 2.80
125.00 2.34
125.00 3.50
125.00 2.34
125.00 3.27
125.00 1.05
125.00 0.70
125.00 1.87
130.00 2.69
130.00 2.22
130.00 1.64
130.00 1.17
130.00 0.00
130.00 0.00
130.00 0.35
130.00 10.04
130.00 0.00
130.00 0.70
135.00 2.57
135.00 1.99
135.00 1.52
135.00 2.10
135.00 1.75
135.00 1.99
135.00 1.87
135.00 1.99
135.00 3.15
135.00 1.64
140.00 2.34
140.00 1.40
140.00 1.52
140.00 1.52
140.00 2.45
140.00 0.93
140.00 0.93
140.00 1.99
140.00 0.93
140.00 0.00
145.00 0.00
145.00 3.27
145.00 3.97
145.00 1.40
145.00 0.00
