0.00 0.00
0.00 0.82
0.00 1.75
0.00 4.91
5.00 14.13
5.00 22.31
5.00 23.36
5.00 23.94
5.00 23.83
5.00 23.48
5.00 23.24
5.00 23.59
5.00 23.48
5.00 23.36
10.00 23.83
10.00 23.71
10.00 23.71
10.00 23.36
10.00 23.83
10.00 23.71
10.00 22.78
10.00 22.54
10.00 23.36
10.00 22.43
15.00 23.24
15.00 24.29
15.00 23.01
15.00 23.13
15.00 23.13
15.00 23.71
15.00 23.71
15.00 23.13
15.00 22.66
15.00 23.71
20.00 24.06
20.00 23.24
20.00 22.31
20.00 23.24
20.00 21.72
20.00 23.13
20.00 23.13
20.00 22.54
20.00 23.48
20.00 23.36
25.00 22.31
25.00 22.43
25.00 23.24
25.00 21.37
25.00 22.54
25.00 20.79
25.00 21.37
25.00 22.31
25.00 22.89
25.00 21.49
30.00 23.24
30.00 20.09
30.00 20.44
30.00 19.62
30.00 21.26
30.00 21.49
30.00 22.19
30.00 22.31
30.00 19.62
30.00 21.37
35.00 20.91
35.00 20.09
35.00 20.09
35.00 20.67
35.00 20.32
35.00 19.04
35.00 19.39
35.00 21.72
35.00 17.75
35.00 19.27
40.00 21.02
40.00 16.24
40.00 17.75
40.00 17.17
40.00 17.64
40.00 17.64
40.00 18.10
40.00 16.12
40.00 16.35
40.00 16.82
45.00 18.57
45.00 15.07
45.00 14.72
45.00 15.53
45.00 14.95
45.00 15.07
45.00 16.00
45.00 15.65
45.00 15.65
45.00 16.59
50.00 17.05
50.00 16.59
50.00 15.53
50.00 16.00
50.00 15.88
50.00 14.60
50.00 15.18
50.00 15.88
50.00 14.83
50.00 15.18
55.00 15.65
55.00 14.02
55.00 13.43
55.00 15.88
55.00 13.67
55.00 16.70
55.00 14.83
55.00 12.73
55.00 15.07
55.00 13.78
60.00 13.90
60.00 13.55
60.00 13.20
60.00 11.80
60.00 12.85
60.00 12.26
60.00 13.55
60.00 12.96
60.00 12.15
60.00 12.73
65.00 12.26
65.00 11.68
65.00 11.80
65.00 11.45
65.00 11.33
65.00 11.21
65.00 11.91
65.00 12.03
65.00 12.50
65.00 11.10
70.00 11.56
70.00 9.58
70.00 11.33
70.00 10.86
70.00 10.63
70.00 8.99
70.00 10.86
70.00 10.98
70.00 10.86
70.00 10.86
75.00 10.75
75.00 10.28
75.00 10.86
75.00 11.68
75.00 10.75
75.00 10.40
75.00 10.75
75.00 9.93
75.00 10.63
75.00 10.16
80.00 10.63
80.00 9.69
80.00 9.46
80.00 10.51
80.00 8.76
80.00 8.41
80.00 10.28
80.00 9.58
80.00 9.69
80.00 10.63
85.00 9.69
85.00 10.16
85.00 9.34
85.00 10.28
85.00 9.81
85.00 8.18
85.00 8.29
85.00 8.53
85.00 10.40
85.00 9.34
90.00 9.81
90.00 8.99
90.00 9.46
90.00 8.41
90.00 8.88
90.00 7.59
90.00 9.46
90.00 8.64
90.00 8.29
90.00 8.53
95.00 8.06
95.00 7.94
95.00 7.36
95.00 8.88
95.00 6.77
95.00 8.18
95.00 7.24
95.00 8.41
95.00 7.83
95.00 8.18
100.00 6.77
100.00 7.71
100.00 6.42
100.00 7.59
100.00 7.01
100.00 7.01
100.00 5.02
100.00 7.01
100.00 6.19
100.00 6.19
105.00 5.49
105.00 6.66
105.00 5.26
105.00 4.32
105.00 6.31
105.00 5.37
105.00 4.56
105.00 6.89
105.00 5.96
105.00 5.96
110.00 6.19
110.00 6.19
110.00 4.44
110.00 5.37
110.00 6.42
110.00 4.67
110.00 5.49
110.00 4.79
110.00 4.67
110.00 4.56
115.00 6.19
115.00 4.44
115.00 3.97
115.00 4.67
115.00 4.32
115.00 4.44
115.00 4.32
115.00 4.91
115.00 5.02
115.00 3.27
120.00 1.99
120.00 2.92
120.00 1.99
120.00 1.75
120.00 1.75
120.00 1.64
120.00 0.12
120.00 0.00
120.00 0.00
120.00 0.00
125.00 3.39
125.00 7.01
125.00 0.00
125.00 0.93
125.00 1.17
125.00 1.28
125.00 1.40
125.00 1.64
125.00 1.52
125.00 1.64
130.00 1.75
130.00 2.10
130.00 1.99
130.00 2.80
130.00 1.40
130.00 1.28
130.00 0.82
130.00 1.40
130.00 2.22
130.00 1.52
135.00 1.64
135.00 1.28
135.00 1.64
135.00 1.40
135.00 1.75
135.00 1.64
135.00 1.40
135.00 1.64
135.00 1.40
135.00 1.40
140.00 1.40
140.00 1.64
140.00 1.64
140.00 1.40
140.00 0.47
140.00 0.93
140.00 0.70
140.00 0.12
140.00 0.00
140.00 0.00
145.00 0.00
145.00 1.40
145.00 2.10
145.00 3.27
145.00 0.35
