0.00 0.00
0.00 0.82
0.00 1.05
0.00 4.91
5.00 2.69
5.00 0.00
5.00 0.00
5.00 0.00
5.00 0.00
5.00 0.00
5.00 0.00
5.00 0.00
5.00 0.00
5.00 0.00
10.00 3.27
10.00 0.00
10.00 0.00
10.00 0.00
10.00 0.00
10.00 0.00
10.00 0.00
10.00 0.00
10.00 0.00
10.00 0.00
15.00 3.74
15.00 0.00
15.00 0.00
15.00 0.00
15.00 0.00
15.00 0.00
15.00 0.00
15.00 0.00
15.00 0.00
15.00 0.00
20.00 3.74
20.00 0.00
20.00 0.00
20.00 0.00
20.00 0.00
20.00 0.00
20.00 0.00
20.00 0.00
20.00 0.00
20.00 0.00
25.00 1.40
25.00 0.58
25.00 0.00
25.00 0.00
25.00 0.00
25.00 0.00
25.00 0.00
25.00 0.00
25.00 0.00
25.00 0.00
30.00 0.00
30.00 0.00
30.00 0.00
30.00 0.93
30.00 0.00
30.00 0.12
30.00 0.00
30.00 1.28
30.00 0.00
30.00 0.00
35.00 0.00
35.00 0.00
35.00 0.00
35.00 0.00
35.00 0.00
35.00 0.00
35.00 0.00
35.00 0.00
35.00 0.00
35.00 0.00
40.00 0.00
40.00 0.00
40.00 0.00
40.00 0.00
40.00 0.00
40.00 0.00
40.00 0.00
40.00 0.00
40.00 0.00
40.00 0.00
45.00 0.00
45.00 0.00
45.00 0.00
45.00 0.00
45.00 0.00
45.00 0.00
45.00 0.00
45.00 0.00
45.00 0.00
45.00 0.58
50.00 0.00
50.00 0.00
50.00 0.00
50.00 0.00
50.00 0.00
50.00 0.00
50.00 0.00
50.00 0.00
50.00 0.00
50.00 0.23
55.00 0.00
55.00 0.00
55.00 0.00
55.00 0.00
55.00 0.00
55.00 0.00
55.00 0.00
55.00 0.00
55.00 0.00
55.00 0.12
60.00 0.00
60.00 0.00
60.00 0.00
60.00 0.00
60.00 0.00
60.00 0.00
60.00 0.00
60.00 0.00
60.00 0.00
60.00 0.00
65.00 0.00
65.00 0.00
65.00 0.00
65.00 0.00
65.00 0.00
65.00 0.00
65.00 0.00
65.00 0.00
65.00 0.00
65.00 0.00
70.00 0.00
70.00 0.00
70.00 0.00
70.00 0.00
70.00 0.00
70.00 0.00
70.00 0.00
70.00 0.00
70.00 0.00
70.00 0.00
75.00 0.00
75.00 0.12
75.00 0.00
75.00 0.00
75.00 0.00
75.00 0.00
75.00 0.00
75.00 0.00
75.00 0.00
75.00 0.00
80.00 0.00
80.00 0.00
80.00 0.00
80.00 0.00
80.00 0.00
80.00 0.00
80.00 0.00
80.00 0.00
80.00 0.00
80.00 0.00
85.00 0.00
85.00 0.00
85.00 0.00
85.00 0.00
85.00 0.00
85.00 0.00
85.00 0.00
85.00 0.00
85.00 0.00
85.00 0.00
90.00 0.00
90.00 0.00
90.00 0.00
90.00 0.00
90.00 0.00
90.00 0.00
90.00 0.00
90.00 0.00
90.00 0.00
90.00 0.00
95.00 0.00
95.00 0.00
95.00 0.00
95.00 0.00
95.00 0.00
95.00 0.00
95.00 0.00
95.00 0.00
95.00 0.00
95.00 0.00
100.00 0.00
100.00 0.00
100.00 0.00
100.00 0.00
100.00 0.00
100.00 0.00
100.00 0.00
100.00 0.00
100.00 0.00
100.00 0.00
105.00 0.00
105.00 0.00
105.00 0.00
105.00 0.00
105.00 0.00
105.00 0.00
105.00 0.00
105.00 0.00
105.00 0.00
105.00 0.00
110.00 0.00
110.00 0.00
110.00 0.00
110.00 0.00
110.00 0.00
110.00 0.00
110.00 0.00
110.00 0.00
110.00 0.00
110.00 0.00
115.00 0.00
115.00 0.00
115.00 0.00
115.00 0.00
115.00 0.00
115.00 0.00
115.00 0.00
115.00 0.00
115.00 0.00
115.00 0.00
120.00 0.00
120.00 0.00
120.00 0.00
120.00 0.00
120.00 0.00
120.00 0.00
120.00 0.00
120.00 0.00
120.00 0.00
120.00 0.00
125.00 0.00
125.00 0.00
125.00 0.00
125.00 0.00
125.00 0.00
125.00 0.00
125.00 0.00
125.00 0.00
125.00 0.00
125.00 0.00
130.00 0.00
130.00 0.00
130.00 0.00
130.00 0.00
130.00 0.00
130.00 0.00
130.00 0.00
130.00 0.00
130.00 0.00
130.00 0.00
135.00 0.00
135.00 0.00
135.00 0.00
135.00 0.00
135.00 0.00
135.00 0.00
135.00 0.00
135.00 0.00
135.00 0.00
135.00 0.00
140.00 0.00
140.00 0.00
140.00 0.00
140.00 0.00
140.00 0.00
140.00 0.00
140.00 0.00
140.00 0.00
140.00 0.00
140.00 0.00
145.00 0.00
145.00 0.00
145.00 0.00
145.00 0.00
145.00 0.00
