0.00 0.00
0.00 21.02
0.00 22.66
0.00 23.13
5.00 23.01
5.00 23.36
5.00 22.89
5.00 24.06
5.00 24.41
5.00 23.83
5.00 23.24
5.00 24.29
5.00 23.94
5.00 23.36
10.00 22.66
10.00 23.24
10.00 23.36
10.00 22.78
10.00 23.83
10.00 23.13
10.00 23.71
10.00 22.78
10.00 22.78
10.00 23.71
15.00 22.54
15.00 22.66
15.00 22.89
15.00 23.48
15.00 23.71
15.00 23.48
15.00 22.66
15.00 23.48
15.00 23.13
15.00 22.54
20.00 23.24
20.00 22.66
20.00 23.48
20.00 23.01
20.00 22.54
20.00 23.24
20.00 23.59
20.00 23.24
20.00 22.08
20.00 23.36
25.00 22.43
25.00 22.31
25.00 21.37
25.00 21.26
25.00 22.08
25.00 22.31
25.00 21.49
25.00 21.49
25.00 22.43
25.00 21.49
30.00 22.54
30.00 21.49
30.00 21.14
30.00 21.61
30.00 21.14
30.00 20.09
30.00 20.56
30.00 21.49
30.00 22.19
30.00 21.49
35.00 21.61
35.00 19.86
35.00 19.04
35.00 20.44
35.00 21.84
35.00 19.27
35.00 19.97
35.00 20.32
35.00 19.62
35.00 20.32
40.00 19.39
40.00 16.00
40.00 17.05
40.00 16.12
40.00 15.18
40.00 15.42
40.00 16.70
40.00 16.94
40.00 13.90
40.00 15.88
45.00 16.35
45.00 11.56
45.00 10.04
45.00 10.51
45.00 9.46
45.00 8.64
45.00 12.03
45.00 0.00
45.00 11.10
45.00 9.69
50.00 10.63
50.00 3.39
50.00 0.00
50.00 7.59
50.00 5.14
50.00 3.27
50.00 6.42
50.00 4.09
50.00 4.44
50.00 4.91
55.00 3.97
55.00 1.28
55.00 0.93
55.00 0.00
55.00 0.00
55.00 0.00
55.00 0.00
55.00 0.00
55.00 0.00
55.00 0.00
60.00 0.00
60.00 0.00
60.00 0.00
60.00 0.00
60.00 0.47
60.00 0.00
60.00 0.00
60.00 0.00
60.00 0.00
60.00 0.00
65.00 0.00
65.00 0.00
65.00 0.00
65.00 0.00
65.00 0.12
65.00 0.00
65.00 0.12
65.00 0.00
65.00 0.00
65.00 0.00
70.00 0.00
70.00 0.00
70.00 0.00
70.00 0.00
70.00 0.00
70.00 0.00
70.00 0.12
70.00 0.00
70.00 2.22
70.00 3.15
75.00 5.49
75.00 4.20
75.00 4.56
75.00 2.69
75.00 4.09
75.00 2.34
75.00 2.45
75.00 3.27
75.00 0.70
75.00 0.00
80.00 0.00
80.00 0.00
80.00 0.00
80.00 0.00
80.00 0.00
80.00 0.00
80.00 0.00
80.00 0.00
80.00 1.64
80.00 1.17
85.00 0.00
85.00 0.00
85.00 0.00
85.00 0.00
85.00 0.00
85.00 0.00
85.00 0.00
85.00 0.00
85.00 0.00
85.00 0.00
90.00 0.00
90.00 0.00
90.00 0.00
90.00 0.00
90.00 0.00
90.00 0.00
90.00 0.00
90.00 0.00
90.00 0.00
90.00 0.12
95.00 0.00
95.00 0.12
95.00 0.00
95.00 1.28
95.00 1.05
95.00 1.75
95.00 1.17
95.00 1.17
95.00 0.00
95.00 0.00
100.00 0.00
100.00 0.00
100.00 0.00
100.00 0.00
100.00 0.00
100.00 0.00
100.00 0.00
100.00 0.12
100.00 0.00
100.00 0.47
105.00 2.57
105.00 3.15
105.00 3.39
105.00 2.10
105.00 0.23
105.00 0.00
105.00 0.00
105.00 0.00
105.00 0.00
105.00 0.00
110.00 0.00
110.00 0.00
110.00 0.00
110.00 0.00
110.00 1.99
110.00 0.00
110.00 0.00
110.00 0.00
110.00 0.00
110.00 0.00
115.00 0.00
115.00 0.00
115.00 0.00
115.00 0.00
115.00 0.00
115.00 0.00
115.00 0.35
115.00 0.00
115.00 1.52
115.00 3.74
120.00 2.80
120.00 0.00
120.00 0.00
120.00 0.00
120.00 0.00
120.00 0.00
120.00 0.00
120.00 0.00
120.00 0.00
120.00 0.00
125.00 0.00
125.00 5.61
125.00 0.00
125.00 0.00
125.00 0.00
125.00 0.00
125.00 0.00
125.00 0.00
125.00 0.00
125.00 0.00
130.00 0.00
130.00 0.12
130.00 0.00
130.00 0.35
130.00 0.00
130.00 0.00
130.00 1.40
130.00 1.40
130.00 0.35
130.00 0.00
135.00 1.28
135.00 1.75
135.00 0.82
135.00 1.75
135.00 0.70
135.00 1.99
135.00 0.58
135.00 1.40
135.00 0.47
135.00 0.00
140.00 0.00
140.00 0.00
140.00 0.00
140.00 0.00
140.00 0.00
140.00 0.00
140.00 0.00
140.00 0.00
140.00 0.23
140.00 0.00
145.00 0.00
145.00 0.00
145.00 0.00
145.00 0.00
145.00 0.00
