0.00 0.00
0.00 29.32
0.00 29.08
0.00 29.08
5.00 29.32
5.00 29.32
5.00 29.32
5.00 29.08
5.00 28.97
5.00 29.08
5.00 29.20
5.00 29.08
5.00 29.20
5.00 28.85
10.00 29.32
10.00 29.20
10.00 28.97
10.00 29.43
10.00 28.85
10.00 29.20
10.00 29.08
10.00 29.08
10.00 29.08
10.00 29.08
15.00 29.32
15.00 29.08
15.00 28.97
15.00 29.20
15.00 28.85
15.00 29.08
15.00 28.97
15.00 28.85
15.00 28.85
15.00 28.97
20.00 29.08
20.00 29.32
20.00 29.20
20.00 29.32
20.00 28.97
20.00 28.85
20.00 29.08
20.00 29.08
20.00 29.08
20.00 29.20
25.00 28.97
25.00 29.32
25.00 29.32
25.00 28.73
25.00 29.32
25.00 28.97
25.00 29.08
25.00 29.20
25.00 29.08
25.00 29.20
30.00 29.20
30.00 29.20
30.00 28.85
30.00 29.08
30.00 29.20
30.00 29.43
30.00 29.20
30.00 29.08
30.00 29.08
30.00 29.08
35.00 28.97
35.00 29.08
35.00 29.08
35.00 29.43
35.00 29.32
35.00 29.08
35.00 28.97
35.00 28.97
35.00 28.97
35.00 29.20
40.00 28.85
40.00 29.20
40.00 29.08
40.00 29.43
40.00 29.08
40.00 28.73
40.00 28.85
40.00 29.20
40.00 28.97
40.00 29.32
45.00 29.20
45.00 28.73
45.00 28.62
45.00 27.92
45.00 28.97
45.00 28.62
45.00 27.56
45.00 28.85
45.00 29.20
45.00 29.08
50.00 28.38
50.00 20.56
50.00 22.31
50.00 22.43
50.00 22.89
50.00 23.59
50.00 22.08
50.00 22.66
50.00 21.96
50.00 22.78
55.00 22.54
55.00 1.87
55.00 3.97
55.00 3.97
55.00 2.45
55.00 3.04
55.00 5.96
55.00 4.44
55.00 3.62
55.00 4.32
60.00 5.02
60.00 0.00
60.00 0.00
60.00 0.00
60.00 0.00
60.00 0.00
60.00 0.00
60.00 0.00
60.00 0.00
60.00 0.00
65.00 0.00
65.00 0.00
65.00 0.00
65.00 0.00
65.00 0.00
65.00 0.00
65.00 0.00
65.00 0.00
65.00 0.00
65.00 0.00
70.00 0.00
70.00 0.00
70.00 0.00
70.00 0.00
70.00 0.00
70.00 0.00
70.00 0.00
70.00 0.00
70.00 0.00
70.00 0.00
75.00 0.00
75.00 0.00
75.00 0.00
75.00 0.00
75.00 0.00
75.00 0.00
75.00 0.00
75.00 0.00
75.00 0.00
75.00 0.00
80.00 0.00
80.00 0.00
80.00 0.00
80.00 0.00
80.00 0.00
80.00 0.00
80.00 0.00
80.00 0.00
80.00 0.00
80.00 0.00
85.00 0.00
85.00 0.00
85.00 0.00
85.00 0.00
85.00 0.00
85.00 0.00
85.00 0.00
85.00 0.00
85.00 0.00
85.00 0.00
90.00 0.00
90.00 0.00
90.00 0.00
90.00 0.00
90.00 0.00
90.00 0.00
90.00 0.00
90.00 0.00
90.00 0.00
90.00 0.00
95.00 0.00
95.00 0.00
95.00 0.00
95.00 0.00
95.00 0.00
95.00 0.00
95.00 0.00
95.00 0.00
95.00 0.00
95.00 0.00
100.00 0.00
100.00 0.00
100.00 0.00
100.00 0.00
100.00 0.00
100.00 0.00
100.00 0.00
100.00 0.00
100.00 0.00
100.00 0.00
105.00 0.00
105.00 0.00
105.00 0.00
105.00 0.00
105.00 0.00
105.00 0.00
105.00 0.00
105.00 0.00
105.00 0.00
105.00 0.00
110.00 0.00
110.00 0.00
110.00 0.00
110.00 0.00
110.00 0.00
110.00 0.00
110.00 0.00
110.00 0.00
110.00 0.00
110.00 0.00
115.00 0.00
115.00 0.00
115.00 0.00
115.00 0.00
115.00 0.00
115.00 0.00
115.00 0.00
115.00 0.00
115.00 0.00
115.00 0.00
120.00 0.00
120.00 0.00
120.00 0.00
120.00 0.00
120.00 0.00
120.00 0.00
120.00 0.00
120.00 0.00
120.00 0.00
120.00 0.00
125.00 0.00
125.00 0.00
125.00 0.00
125.00 0.00
125.00 0.00
125.00 0.00
125.00 0.00
125.00 0.00
125.00 0.00
125.00 0.00
130.00 0.00
130.00 0.00
130.00 0.00
130.00 0.00
130.00 0.00
130.00 0.00
130.00 0.00
130.00 0.00
130.00 0.00
130.00 0.00
135.00 0.00
135.00 0.00
135.00 0.00
135.00 0.00
135.00 0.00
135.00 0.00
135.00 0.00
135.00 0.00
135.00 0.00
135.00 0.00
140.00 0.00
140.00 0.00
140.00 0.00
140.00 0.00
140.00 0.00
140.00 0.00
140.00 0.00
140.00 0.00
140.00 0.00
140.00 0.00
145.00 0.00
145.00 0.00
145.00 0.00
145.00 0.00
145.00 0.00
